1.0000000000000002 2.168404344971009e-19 0.0 0.0 1.6263032587282567e-19 0.9999999999999999 4.705268021997638e-19 -1.734723475976807e-18 -3.469446951953614e-18 6.721206436462873e-19 1.0 0.0
0.9999971919731098 -0.002060675339990774 -0.0011728602723483795 0.8587678969124596 0.0020612767211699635 0.9999978196866427 0.0005118395159484531 0.046516454129833656 0.0011718024083839035 -0.0005142546302000498 0.9999991883399669 0.022240400602965046
0.9999535348946305 -0.006879278373630171 -0.006753481988639653 1.1416561302661834 0.006901127008114487 0.9999710868208157 0.003217170785813552 0.07029158620074863 0.006731153949333371 -0.0032636267011157674 0.9999720268920366 0.03155683826482952
0.9998654107091767 -0.013295641538668732 -0.00961209246856402 1.4346480540349023 0.013365972960535788 0.9998841712811999 0.00729006224781275 0.09316540398083221 0.00951405190557409 -0.007417554518286196 0.9999272358329921 0.04314606770635185
0.9997954001039193 -0.015561988374498494 -0.012922398657188916 1.6963528282094682 0.01568873371276808 0.9998293112034429 0.009765362890826398 0.1139062770185826 0.012768223104018603 -0.009966099254934923 0.9998688231981776 0.057410806567577716
0.9997171001776196 -0.01758742470062883 -0.016012746267602365 1.9821320609591764 0.017783236818303617 0.9997678805254299 0.012169296504106366 0.14144248840401935 0.015795001218098365 -0.012450610378947116 0.9997977367933045 0.07590476343351661
0.9995730789945507 -0.021693813982472672 -0.019571513033669267 2.2721079909159654 0.021997663516041887 0.9996387771695192 0.0154456530556135 0.16728773645580305 0.01922936639940198 -0.015869584403308906 0.9996891526959998 0.09375223047297009
0.9993754028929578 -0.02742920964900658 -0.022281124045899842 2.5435918956903456 0.027862572709844352 0.9994239977134121 0.019377823819549236 0.19330063128662123 0.021736769670774626 -0.019986527494157316 0.9995639378360482 0.10523533972404192
0.9991682819603206 -0.031869462488586645 -0.025437917039912144 2.824783956549741 0.032350258699721225 0.999301373759138 0.018718316821016594 0.21823988273185962 0.02482360052872303 -0.019525669255429652 0.9995011512530739 0.126676419252239
0.9989682598877897 -0.035600502873354076 -0.028196203115050247 3.106642810881343 0.03614720743929777 0.9991635762827444 0.01912269446673431 0.24445270187806134 0.027491839198251676 -0.020122176373947746 0.9994194870297334 0.14060235500021395
0.9987977415129965 -0.03918207242158841 -0.029459169836676076 3.3963504215226514 0.0398244952724978 0.9989744388935848 0.021546002714879803 0.27355760368810816 0.028584738140849584 -0.022693292791308776 0.9993337487881659 0.15702121279144515
0.9986079665778157 -0.04054851273231751 -0.0337335610438144 3.6913304938717557 0.04131731734496756 0.9988947077783306 0.02241410893411163 0.2998431967919843 0.03278741404485098 -0.023776685285875086 0.9991794978763177 0.17293223757838772
0.9982760547270085 -0.044868357213819474 -0.03783853879038227 3.9439774673833985 0.04578942058511176 0.9986667568925357 0.02383669145825467 0.32088704850527644 0.036718574583089754 -0.02552820024123561 0.9989995353013592 0.19545750315044752
0.9978603144397107 -0.05077788561032977 -0.04118743907316143 4.2298183377108165 0.051835170142497194 0.9983422328794026 0.025021019266176933 0.34955164566739266 0.03984864217180089 -0.02710243711792031 0.9988381039380883 0.21996452823300297
0.9974551865057615 -0.05607932216805465 -0.04402574787675223 4.512925723003534 0.05724439641926168 0.9980303678772257 0.02566347780202955 0.3791729498632361 0.04249983946247148 -0.028118393380430824 0.9987007228688031 0.24041491974209522
0.9970365644971345 -0.059699062264074204 -0.04851924317959637 4.786759030222706 0.06112195182665947 0.9977265358404345 0.02839043684406504 0.4055821309958959 0.04671405021998984 -0.0312718912135685 0.9984186900250183 0.2624937549217572
0.996656871803137 -0.0621421139953564 -0.05304190318938929 5.061891360541119 0.06394587784837844 0.9974072266761478 0.03301361991431364 0.43308133779873637 0.050852837392676827 -0.03629505860932292 0.9980464277321782 0.2806738905641999
0.9963153187692112 -0.06377698295796311 -0.05734359570835995 5.354213725923503 0.06587288726651393 0.9971987963182641 0.035432662389796206 0.4640730725031549 0.054923171991895274 -0.0390794887375696 0.9977255399144902 0.3011369826402982
0.9957283614704426 -0.06854761267210764 -0.061856777304682684 5.641338556534368 0.07114051412749116 0.9966342592625144 0.040734883495435005 0.4988723403552584 0.058856299820183554 -0.04496139751651615 0.9972534396852891 0.3228005085755204
0.9953901932866422 -0.07226894126453422 -0.06305211475805597 5.914603923307204 0.07513433574731916 0.9961880552812036 0.04432087912388384 0.5324671144533195 0.05960873592962921 -0.04885394269920724 0.9970256291304233 0.34560141866851574
0.9952973144639082 -0.07322818460078179 -0.06341052546056392 6.221756574616519 0.07635009486902526 0.9959109313961918 0.04829316678901337 0.566311113265472 0.05961480989763166 -0.052907454060525154 0.9968183836612388 0.3728689259735138
0.9950223822023031 -0.07694117837891945 -0.06332866589701638 6.513018004794643 0.08025451713331345 0.995440519097586 0.05155129133084665 0.6009686689701784 0.05907349835324215 -0.05637709517422059 0.9966604031420775 0.39597621003120087
0.995000758023269 -0.07740286648075885 -0.06310541761101415 6.797746664557185 0.08087759793773003 0.9952328651554914 0.05450237137652747 0.6305184053787408 0.058585941237436046 -0.05933371018349325 0.9965175425372536 0.4191239788308362
0.994646766277903 -0.07962748912552134 -0.06585802340378857 7.0882802302234165 0.08331869136913243 0.9949853248289222 0.055338497116109935 0.6583499171163363 0.06112129649054316 -0.06052945620424479 0.9962933234275113 0.4457958997010734
0.9943146755364423 -0.08203636023440088 -0.06788495820525911 7.389302413643335 0.08582909626759828 0.9947920420737298 0.054975535287219504 0.6864025038550562 0.06302141850893044 -0.06048948081718836 0.9961773626111424 0.46732058785526814
0.9937795043709111 -0.0871323077556018 -0.06935606372674308 7.6930343531911545 0.09124357454738118 0.9941092123607866 0.05849473670924066 0.7210216097805041 0.06385071555637911 -0.06445916001543116 0.9958755530046642 0.49178020189136445
0.9936869760882451 -0.08715203991206369 -0.07064503825424767 7.981788410546043 0.09153674631913299 0.9939068168922617 0.06140369392674221 0.7522349804835872 0.06486312291874356 -0.06748266205902606 0.9956098030182092 0.5186581225994035
0.9937401859140657 -0.08904103355059213 -0.0674695722670561 8.268010681405624 0.09326577087352336 0.9936908982528168 0.062290006681071645 0.7810770536164414 0.061497528538602186 -0.06819267861167352 0.9957749880503682 0.5466351248854057
0.9935092294463341 -0.09199124660009832 -0.06691059327259115 8.577761495381194 0.09626224458061942 0.9933168612206585 0.06368158055898268 0.8190003724147372 0.06060526781984738 -0.06970919594089436 0.9957246827175976 0.5755186828345575
0.9933558530532831 -0.09332296765034175 -0.06734225160994002 8.898526987506722 0.09772256125720674 0.9930695189368384 0.06529457710513499 0.861107277130896 0.06078204900146577 -0.07144160154003103 0.9955911080096491 0.6044267220226179
0.9929361071004236 -0.0952510217276397 -0.07074698590240708 9.191743852091149 0.09987710426661116 0.9928737383150334 0.06501118386168224 0.8974588353913446 0.06405043774935185 -0.07161794978772575 0.9953735102722099 0.6307149355822443
0.9923236576926203 -0.09574562316147832 -0.07827221708331628 9.51804689308104 0.10103451585198618 0.9926475763912863 0.06665557673976429 0.939040767688029 0.07131474140890899 -0.07405209497956546 0.9947012160172621 0.6597034840874937
0.9913143163367185 -0.1015587966053906 -0.08355682495228947 9.822218790049623 0.10709839499228088 0.9921399392114232 0.06471804254673837 0.9811043237152994 0.07632737091460039 -0.07310471771566027 0.9943992392174688 0.6889062342087565
0.990935365008696 -0.1031982029029919 -0.08600720452877077 10.122963408476377 0.10899299618240423 0.9918730183499339 0.06563986953083153 1.0196938473166577 0.07853430303236451 -0.07441904466448214 0.9941298623911005 0.7155378836857647
0.9909697897751627 -0.10502154062709543 -0.08336280762702053 10.451109902252442 0.11076773913084936 0.991545950702419 0.06758169747000123 1.0643487283541015 0.07556051461895101 -0.07620532381259928 0.9942250105043817 0.7493772957588953
0.9903312587156164 -0.11115081906009856 -0.08300300820566922 10.775559410901112 0.11692909746166434 0.9907867816819627 0.06833220053935188 1.105348190176181 0.07464309764714465 -0.07737697447131966 0.9942038151478828 0.7828324156216898
0.9897779173838519 -0.11518027357100777 -0.08410222813677941 11.092188068654467 0.12107836602849255 0.9902590765894099 0.06875420519219272 1.143173993163491 0.07536386089918666 -0.07823434779067183 0.9940823354005633 0.818668675180243
0.9890580060843036 -0.11717596277788096 -0.089632919654537 11.425264912336015 0.12329964281621741 0.9901639639606317 0.06612618826616742 1.187835082949038 0.08100288114261514 -0.07645433642188085 0.9937772798510676 0.8549273219371483
0.9882526326056332 -0.1199419260678699 -0.09471364451515632 11.722256359056638 0.1264856291186046 0.9897444617821544 0.06638852474242055 1.2315815505928622 0.0857795311433865 -0.07758854271011935 0.9932884295793658 0.885961050922619
0.9873548886813293 -0.123665555128521 -0.09918245918514666 12.058433170964612 0.1307598146570669 0.9890436856446326 0.06851721664502472 1.2862203758564557 0.08962255863928235 -0.0806198820233907 0.9927075328941475 0.9251279647070088
0.987134377760274 -0.12574399168235964 -0.09876322563485751 12.390914684562661 0.13268911484415652 0.9888772870172245 0.06719717436603038 1.3314426978618608 0.08921506300703243 -0.07943743920654898 0.9928395540288769 0.9658532095075075
0.9868112221263619 -0.12948130038001776 -0.09715045381033559 12.731523035794652 0.13640038454502768 0.988296516029743 0.06830140349137277 1.3874240437855545 0.08716969395733379 -0.08065194393614646 0.9929233216386891 1.0082416329053971
0.9863832195673458 -0.13100490047003735 -0.09942769305868111 13.052239719555823 0.13831626628005209 0.9878705036007172 0.07057357024738095 1.44166804874327 0.08897619500933461 -0.08336504573830156 0.9925389262542876 1.0555400500326817
0.9856178426566558 -0.1344687206386701 -0.1023505610381168 13.366372183285327 0.14226825902604162 0.9871229869529845 0.07313071394542592 1.4925800290618694 0.09119879117293517 -0.08664016543935661 0.9920565893539233 1.0991887115235044
0.9853363255176983 -0.1376178522799277 -0.10086455416705443 13.688895541741285 0.14533828165422596 0.9866373949693623 0.07364499272400137 1.5439152874150124 0.0893818685587093 -0.08722456026267637 0.9921707372822678 1.146927397017699
0.984597082226324 -0.14266087887232395 -0.10107653164292904 13.997005746774548 0.1507456736299378 0.9855356215568757 0.07743016688481155 1.6007047699806014 0.08856826016243591 -0.09147435869565436 0.9918609374566175 1.1837261587873595
0.9839910256568744 -0.14514472545261464 -0.103415066785243 14.325502306341717 0.15343579167069912 0.9851315085117296 0.07728854372570522 1.661953752597264 0.09065940952383811 -0.09191879847658842 0.9916308890966998 1.22396658779258
0.9828959351966433 -0.1499034418497144 -0.1069791785054647 14.62363521005756 0.1585770361090318 0.9842806276431266 0.07775036903306647 1.716225209434086 0.09364247807354831 -0.09338495505144327 0.9912166013185953 1.2652955016885106
0.9818117496720716 -0.1521984623245704 -0.11349591274614529 14.95874730795492 0.1615158655852247 0.9837866017878959 0.07795317521647271 1.7771563651416473 0.09979139751587815 -0.094866726149623 0.9904756410486746 1.3117008614133363
0.9811432385606842 -0.15407288830477772 -0.11670259831835292 15.280204107882955 0.16382888661383765 0.9833073622509101 0.07916361205426788 1.8384408403781944 0.10255755016859051 -0.09679009152788798 0.9900068895440792 1.3561913858290515
0.9803223423073865 -0.15726140700437385 -0.1193187369114476 15.577494456826495 0.16729492123226647 0.9827139652874761 0.07928317588433274 1.8950391966787101 0.10478799754380216 -0.09768447939056935 0.9896854208869889 1.4027779695262934
0.9794311639177866 -0.16117950308618273 -0.12139097524000836 15.877710743589944 0.17146268286668992 0.9819698873699824 0.07959798302841778 1.9513138262233556 0.10637271107695956 -0.0987747593838926 0.9894081096828017 1.4483980588045144
0.9790972477921831 -0.16011449639686856 -0.12542700406024573 16.190587209727504 0.17130882164415104 0.9816154703431504 0.08416950890517942 2.017027298714197 0.10964432096587674 -0.10389687835287015 0.9885259611197694 1.4959884488034991
0.9782274148206884 -0.15969876892293416 -0.13254219718984359 16.504399944398063 0.17182514857911257 0.9813942570070212 0.08568302544176216 2.0824391714185397 0.11639266888658747 -0.10659155857416966 0.987466961740741 1.5450289077364467
0.9771260979910195 -0.16045787122701102 -0.1395631259477949 16.816464582750882 0.17369422476050989 0.9808220538920389 0.08842265039738613 2.1447686500279026 0.12269847257773844 -0.11064137941345878 0.9862573620753767 1.5900980697399731
0.9765721626066259 -0.16402459019899399 -0.13929375782873213 17.13601152401017 0.17736791748349032 0.9800733759484661 0.08942566647219775 2.2048393329984473 0.12185008624056301 -0.11203685123379764 0.9862050064302489 1.638702280882828
0.976708046256874 -0.1631378633116885 -0.1393823370063678 17.478817602266126 0.1764253668740674 0.9802895820384268 0.08891892649896226 2.270228147210252 0.12212900024288673 -0.11143840195082433 0.986238310009109 1.6934798660772856
0.9762407022315855 -0.1646476801891812 -0.14087312963401377 17.783630403862965 0.17824799823809823 0.9798592794881642 0.090019963033192 2.325806294270246 0.12321425617573664 -0.11299149621133386 0.9859265607124538 1.7491943271224077
0.975609436430701 -0.16544541698990448 -0.1442707436821006 18.085340308008053 0.17940439523914029 0.9796744593524426 0.08973386696687455 2.3853182383828804 0.12649229650501814 -0.11342800379226202 0.9854612123974708 1.8024093131795442
0.9745633653734969 -0.16959840236803897 -0.14650131304624076 18.38267281321824 0.18397405965371127 0.9787273580750039 0.09080998926058335 2.443704961071585 0.1279836046002236 -0.11545252079528745 0.9850334647385597 1.8513323924165974
0.9740286618242566 -0.17292563275480202 -0.14616736099204608 18.686223642361682 0.1874375734386332 0.97795292195777 0.09206187439514994 2.5070514019407533 0.12702493059200917 -0.11706815041317958 0.984966867171803 1.9010050044137952
0.9731041471130267 -0.17724604948368583 -0.14714673884267923 18.98842162940445 0.19224572652401356 0.9767577981343734 0.09479416984391179 2.569117358580777 0.12692482322543314 -0.12053292189571187 0.9845617899592582 1.947886019653651
0.9728296697959744 -0.18113993532320116 -0.1441900250847537 19.304534824124453 0.1957017818594022 0.9761394726488165 0.09408874923919885 2.632526081119644 0.12370633603728642 -0.11975056212755485 0.9850667792356355 1.9957696898604431
0.9720896019996424 -0.18569860587055184 -0.14338005230885517 19.57720272044159 0.20061664908125645 0.9747918848010132 0.09764164919207269 2.700424207680979 0.12163378439713862 -0.12368084769950036 0.9848392176720355 2.0399509741236854
0.9708441294425116 -0.18623608612678086 -0.15092316750376616 19.854916496906174 0.20266968676083547 0.9739305639198977 0.1019039005651213 2.7702522653217128 0.12801049267745374 -0.12952034445866548 0.9832791101183264 2.085498357034126
0.9686939837127737 -0.1885558026167433 -0.16148895057065754 20.133002568077927 0.20659551452744618 0.972966308000907 0.10322309379046676 2.8384470305936627 0.13765998468602278 -0.13335447224126804 0.981461322523104 2.1369862113179714
0.9669974027861015 -0.1904093140189727 -0.1692935972739039 20.435711800843837 0.20946326283011155 0.9724024226881768 0.10275611949747664 2.9094255611907585 0.14505577135354542 -0.13482567930353206 0.9801943040319469 2.1890518115867823
0.9660621985652004 -0.193311204430829 -0.1713318787705709 20.711096185836205 0.21322498719199717 0.9711801176401695 0.10651025376390193 2.9782715489301355 0.14580447813525463 -0.13942775661846915 0.9794391094393519 2.246247195222724
0.9660014358070084 -0.19249709567012016 -0.1725865003861744 21.002686597461786 0.213386489738081 0.9705434328805689 0.11185616258889 3.0497957339108765 0.14597069750554698 -0.14488082981360198 0.9786225599696595 2.3087735365826516
0.9649755606163708 -0.19490582263199613 -0.17559582470960322 21.29411821010529 0.21682954259206602 0.9693360632918061 0.11564037392152737 3.12295309025528 0.14767237251212553 -0.14966448532358878 0.9776468823091337 2.3603652979809278
0.9640194619887027 -0.1989398274895927 -0.17632194385158947 21.591276094863325 0.22102404464588846 0.9683643244869656 0.11584065335074233 3.1941025752445693 0.14769854972529106 -0.15064402175491814 0.9774924712640262 2.415062667920863
0.9637095366371871 -0.1995001716960204 -0.17737986477043077 21.85959934514365 0.2221385824101162 0.9678002980152585 0.11839418729757227 3.2594064255353845 0.14804861453857945 -0.1535005071323177 0.9769949929772577 2.465710964189359
0.9628621073475652 -0.20361124886270457 -0.1773105397571032 22.136305209287773 0.22648992611066315 0.9665997163007609 0.1199477054266828 3.332313905124642 0.14696560465334307 -0.15565213935643307 0.976818067411709 2.5167913620429054
0.9618933188207839 -0.2074805709969163 -0.17808161557249771 22.40709039889266 0.2308362233193326 0.9652888378037235 0.12219757704085202 3.3991925769833404 0.14654656203300004 -0.1586487081894176 0.9763988461717067 2.5652198756688533
0.9613290262364982 -0.2096250122847205 -0.17861652632944308 22.663277906163188 0.23295365087057404 0.9648824223085615 0.12138639909596419 3.4598424860848827 0.14689831052653363 -0.15830162845589493 0.9764023223302805 2.616477180528949
0.9609241128610388 -0.2112357660941344 -0.17889747450154053 22.9142005447294 0.23493972170067504 0.9641271675448921 0.12354060947123396 3.525494502742626 0.14638370946453796 -0.16074326095788968 0.9760806462169652 2.6680863074517496
0.9604717542725276 -0.2144530872077478 -0.17749334795957564 23.161225508415647 0.23873592134552338 0.9624817773390124 0.12897340178924827 3.5933013959538918 0.1431753584380702 -0.16624933456534882 0.9756341474917797 2.7170360295785057
0.9598460174747763 -0.2180917695435922 -0.1764415164674557 23.403301059802466 0.24267704464498283 0.9610494822503685 0.13225692756195 3.6616306059686137 0.14072487046971982 -0.1697645778595364 0.975385315244574 2.765422270012649
0.9585913678802843 -0.22137646270763503 -0.17915093391506423 23.625446916807196 0.24662298234897687 0.9598715852779033 0.13350578479164207 3.726416548723462 0.14240684222570438 -0.17216021719243454 0.9747210704416213 2.810901035775481
0.9570706354199975 -0.2225935583838053 -0.18565535952666987 23.87708841785596 0.2491923136162344 0.9590311827483894 0.13476843684730047 3.8021389034411275 0.14805068239048239 -0.1752467885613103 0.9733291184393709 2.861717478462795
0.9550757702857431 -0.22406422732942438 -0.19397293878926006 24.11450890593348 0.25222441464051626 0.9581991212140823 0.13504606245004147 3.870584812178178 0.15560569659412937 -0.1779039193699415 0.9716671636520254 2.915517577206794
0.9532322790486154 -0.22664387846511022 -0.1999519454075266 24.32543351722432 0.2561966385486339 0.9569067333896302 0.1367221130959407 3.929434483902006 0.16034812134291346 -0.1815549337976352 0.9702197175149748 2.961863954676679
0.9524333954021437 -0.22920097239120465 -0.20084209597554398 24.545567401886586 0.25910341955379507 0.9559744236206584 0.13776236633468303 3.9933881962839974 0.16042462702614024 -0.18324833811410457 0.9698886533418387 3.0107744846834072
0.9519023901081841 -0.23208913622942115 -0.20004119198001988 24.75876834841596 0.26209628261481954 0.9549402191196832 0.13926545431870638 4.053629753243325 0.15870536923814862 -0.18499715741853345 0.9698395082596646 3.0596491032280078
0.9504520402128636 -0.23405043504168951 -0.20460038868531163 24.96468608421485 0.2649442100810402 0.9541515632250096 0.139282124334948 4.113719633295579 0.16262072716739145 -0.18658865329400237 0.9688855390688738 3.113602937176717
0.9484403930499306 -0.2390877492146818 -0.20808141422272755 25.156075777109653 0.2700939670747365 0.9532010557612943 0.1358570810257491 4.1705985898827 0.16586164804126516 -0.18505386376815303 0.9686304741607173 3.1617083842633384
0.9463760069975016 -0.24227841716015355 -0.21371389261350102 25.360958324219833 0.2736600568243911 0.9527639895915361 0.1317235880772386 4.224433663965394 0.17170510616274048 -0.18314498524253583 0.9679748370476663 3.206580714250079
0.9457208637226844 -0.24272430360267144 -0.21609480858733657 25.56712345287199 0.2746071902895059 0.9524579529939643 0.1319654842726011 4.289742219046125 0.17378997625058365 -0.18414368585325677 0.9674131285932094 3.2520862415070573
0.9458504164101548 -0.24105618807671617 -0.21739114495498502 25.7568422622811 0.2739541203761517 0.9520392948172475 0.1362735164008741 4.351030442411963 0.174115325399776 -0.1884495476859633 0.9665250310763756 3.297548345585811
0.9456963678719582 -0.24196171217012788 -0.21705509801814296 25.952022510326877 0.2752049016225578 0.9513520672282052 0.13853395440465396 4.409457937988065 0.17297589093942414 -0.19074566980032687 0.9662791754278056 3.345368515162647
0.9452521560945915 -0.24435886110955193 -0.216303292471354 26.151187769586233 0.2773210605181119 0.9508563665716344 0.13771474054272884 4.46397593963947 0.1720215332087124 -0.1901605993227155 0.9665648208149582 3.394035509403526
0.9453914251486134 -0.24398135416808067 -0.21612070241409634 26.33468147409892 0.27707456083518045 0.9507897376712489 0.13866763391823547 4.516020865453571 0.17165301648573872 -0.19097672614005032 0.9664694233463765 3.440085204857876
0.945223054470189 -0.2413398032434872 -0.2197919075093984 26.52737852659446 0.2757602409582899 0.9506738370474408 0.14204117459234794 4.576551685330446 0.17467021435481359 -0.19487044738866913 0.965150682127452 3.4887987664642526
0.9453489804167375 -0.23809854040938158 -0.22276533890651784 26.70705959994241 0.27412149621629933 0.9503050297278322 0.14757339192948582 4.633862701431375 0.17655800007404726 -0.20057310830520766 0.9636377509697006 3.537835385788484
0.9458670496148517 -0.23305977143408468 -0.22587313547690152 26.886933754148146 0.2706008909709404 0.9505574082777528 0.1523677183443623 4.694035518681755 0.1791945837402134 -0.20524106028625344 0.9621670450550927 3.5823986566688233
0.9473101570478999 -0.2243415518087774 -0.2286358248921023 27.084097103235777 0.2625647781124413 0.952692787567854 0.15308932043225226 4.7458635472382324 0.18347539242373173 -0.2050547672006163 0.9613996760362266 3.6331872583082196
0.948635898800084 -0.217205011835069 -0.2300259121917866 27.2576346622762 0.25552483253524083 0.9547356998623443 0.15227262914144996 4.791293489462817 0.18653955860350108 -0.20322859961907913 0.9611977650994523 3.6811598380481483
0.9511008973516077 -0.2061532492337175 -0.23001723158391105 27.40465145279252 0.24523192149758757 0.9567445991909336 0.15652867729918826 4.825055962462646 0.18779883506984799 -0.20528211749636865 0.9605159363810253 3.7212450457013917
0.9529916105791109 -0.19560943215998972 -0.23139564852014385 27.563417185087197 0.23562047032911504 0.9585730309006301 0.16006526359994155 4.859794236158009 0.19049933907027908 -0.2070623891463122 0.9596015751727958 3.7632938798333315
0.9551531331464146 -0.18133376014966535 -0.234095206291693 27.73247133870108 0.22245844702451084 0.9612007404893841 0.16311200461509537 4.896862963904958 0.19543475839822327 -0.2078733825102758 0.9584330578151337 3.8058600893047196
0.9575691879613981 -0.16648081843779394 -0.23525601649566805 27.894847750716025 0.2081891904011029 0.964038426127125 0.1651887531580809 4.920217401853293 0.19929506665563396 -0.20715740408924938 0.9577929320041116 3.8492275948727723
0.960037048304423 -0.14815155446671477 -0.23744470667969403 28.035151364283752 0.19098160238191864 0.9669622403615928 0.16884964757433177 4.9378234013916344 0.20458471297866904 -0.20744947206472977 0.9566137287405003 3.891951306335468
0.961388253371367 -0.12908570538817263 -0.2430422039115205 28.190918820100986 0.1735234788390198 0.9698169605231158 0.17130328541146436 4.952146153359522 0.21359363059131867 -0.20686247937551194 0.9547699669851049 3.9389619738155948
0.9625916980531178 -0.10502076571195408 -0.24977563441350464 28.34221343076617 0.15127542433715563 0.9730845936053106 0.17384553459624166 4.964744520234582 0.224795414276923 -0.20512716785216759 0.95257014491759 3.9868832116181907
0.9639021442691944 -0.08277193884437305 -0.25306415856729086 28.49479441428365 0.13011500249118613 0.9756667946934202 0.17647816317844636 4.968027239541492 0.2322988398870358 -0.20303510810480224 0.9512171193388561 4.033048147015217
0.9650961550292556 -0.05805597169804698 -0.25537995543135583 28.634234316964598 0.10613435182772266 0.9781586013445696 0.17872157171756556 4.967756045052917 0.2394262281523191 -0.1995880725571007 0.9501787709820705 4.075994101723205
0.9648908344796774 -0.03338809198252145 -0.2605204767173923 28.775282377692545 0.08403704667942806 0.9789908482591682 0.18578171069738364 4.968648029840472 0.24884424760040957 -0.2011524260611802 0.9474250662639185 4.121349580292601
0.9645635831507479 -0.00908960255724783 -0.26369391180480467 28.929997202790158 0.05983521396164829 0.9809042738517192 0.18505864726904167 4.96211418566139 0.25697635687893355 -0.19427899876622576 0.9466883525759292 4.169472585722258
0.9639783092838381 0.017414046170099996 -0.2654102035801134 29.080699877006186 0.03409982806064421 0.9815287597455732 0.18825154909854935 4.950036369171014 0.26378594995718585 -0.1905208378368662 0.9455785515833292 4.220969162450866
0.9624060438156041 0.04219524501092625 -0.2683173010892961 29.215599517655406 0.01062936549692882 0.9812520136342046 0.19243609990696608 4.93646260467258 0.2714067606536678 -0.18805369395783278 0.9439142931005969 4.267285410666123
0.9616910269135583 0.06450432803271507 -0.26643867278826444 29.35277458685256 -0.011234532673815316 0.9803797710159684 0.19679796766666743 4.92098919212547 0.273905385764078 -0.18626551148017656 0.9435470381182716 4.316881754573716
0.9595381608590319 0.08874586185418905 -0.26722779757578036 29.496965209290895 -0.03440819344851555 0.9788771726907205 0.2015333898590586 4.902638472973047 0.2794684249975413 -0.1841841384996333 0.9423235202486696 4.3656547334296905
0.9562919895788325 0.11022549601900755 -0.2708430848903109 29.633975937353295 -0.05468681897894653 0.9773068091485415 0.20464824172543628 4.884173268702624 0.2872542241233626 -0.18089191373041572 0.9406184882988088 4.41347989034182
0.9528649519399127 0.13047904029146254 -0.2739043799345766 29.773280273933555 -0.07475590995503421 0.9759363279570481 0.20484137257878413 4.850820175042136 0.29404071906653456 -0.17471018016689133 0.9396895352914127 4.461739863934303
0.9489717479650471 0.14989219917093888 -0.27746163001402707 29.901840313052972 -0.09285155664485417 0.9736245882656486 0.20840801273613807 4.815492580354687 0.3013821786944873 -0.17201055877546825 0.9378598852144273 4.514976441555709
0.9445556991922236 0.16999549308599576 -0.28092004092288736 30.02792547066513 -0.11110047510835036 0.9705489126821707 0.21375603556767137 4.786390453712261 0.30898418043802445 -0.17069411861988498 0.9356240208368566 4.566229201921436
0.9411616966979477 0.1864371827234899 -0.2818791292468215 30.169047101647983 -0.12609079754618802 0.9675554897153491 0.218946649472674 4.765385180464018 0.3135534725991075 -0.1705218229106573 0.9341341134931166 4.6201225653930695
0.9372934165610082 0.2025547200643047 -0.28364175043396095 30.312888009105134 -0.14248989068643278 0.9653701613542209 0.21853428298220615 4.724360414925957 0.31808440972689406 -0.1644146501870329 0.9336970308145318 4.673322309533854
0.934148952289296 0.21333176740166768 -0.2861036488622068 30.45585816168966 -0.15463011685321498 0.9644584439310376 0.21426522609031923 4.680498601549699 0.3216446359257554 -0.15591538388619638 0.9339352951393968 4.737644730534433
0.9315000145399511 0.22294534037856828 -0.28740755740538987 30.601437944166975 -0.16440253706380725 0.9628814033666735 0.21408259872549584 4.636184437734286 0.3244680864124275 -0.15216740056659256 0.9335767549398215 4.799467467906186
0.9280194146082941 0.23438745405364642 -0.2895556827805424 30.751308164909215 -0.17269891437093635 0.9593771327045433 0.22309359569060247 4.601059496512886 0.3300834165666543 -0.15702922402349576 0.9307989982641618 4.866002616821912
0.9228008616524594 0.24808422467771454 -0.294775835403299 30.872987214855588 -0.18221013187765037 0.9551462968412667 0.23344200498410123 4.57868232610931 0.33946730167746597 -0.16170932719490877 0.9266132196603359 4.92199493597854
0.9177943935762778 0.26181712748605274 -0.2985050230952264 30.99265231630096 -0.1935690348348104 0.9514423365915863 0.2393504942834156 4.548149181805972 0.3466763502933356 -0.16189320022942416 0.9239080658410077 4.974566817166602
0.9146427265179132 0.27004261846661815 -0.30084160779012514 31.12944753723767 -0.2005813635247213 0.9492536807786026 0.24224928555991868 4.512289361306399 0.3509926093683292 -0.16122831488970654 0.9223934263132738 5.038436239316958
0.9103916560359828 0.27857187493959445 -0.3059162451568676 31.27310667943021 -0.20810708680043286 0.9473492003580023 0.2433538231134723 4.470340964801146 0.35760101497794655 -0.15788393942948845 0.9204315238062373 5.104300012663205
0.9061428392305209 0.28400595298189485 -0.31344182796856124 31.40521408133734 -0.2124135350935415 0.9463749841540868 0.2434235602727668 4.427366428300911 0.3657672185825054 -0.1539972175826329 0.9178775588533193 5.163034220420719
0.9032932144655798 0.2887883684670055 -0.3172737822083351 31.55390940439298 -0.21630697488156533 0.9452115898057949 0.244512767220528 4.377880544596128 0.37050327225330765 -0.15223817983654983 0.9162700890615983 5.230786497532174
0.9004696478002736 0.29578650455364364 -0.3188491227094179 31.707287145172845 -0.22156327361440464 0.9428403304468513 0.24892162880632362 4.334478763262905 0.3742514434941554 -0.15350110431548625 0.9145344620492827 5.300829801710928
0.8991295247334525 0.3018310854834671 -0.3169607223721018 31.851714352961185 -0.2264567001133142 0.9405258071841625 0.2532364887093101 4.287002792604875 0.37454435628452565 -0.15591451262946915 0.9140061291841697 5.366538050493581
0.8990650327567226 0.3067646383938925 -0.3123740217165868 32.011720570937705 -0.23186762165187047 0.9388324846190896 0.2546195634135443 4.238469201349809 0.37137513021535545 -0.15649011274793967 0.915200181123763 5.447608035226961
0.8974681628822343 0.3124379383337753 -0.3113413516394894 32.171794946444486 -0.23677558024823783 0.9367996111042662 0.2575732195948522 4.192775299701999 0.3721400757565073 -0.15744572305305507 0.9147254356185497 5.527267149504529
0.8968620872597931 0.31303537157674804 -0.3124856132944224 32.33026995838249 -0.23814727956756446 0.9370915935962685 0.2552359078680473 4.139308541374153 0.37272548147431994 -0.15449379861886553 0.9149903802266741 5.5995070292501135
0.895618923237437 0.3139850628933957 -0.3150874966688158 32.50118665614682 -0.2384428583818775 0.9368574527687331 0.25581881615278573 4.08442071922163 0.3755153292869862 -0.15398579761202255 0.9139346945288703 5.682427998776429
0.8940296273901671 0.31640884139133096 -0.3171694757951511 32.658467928131984 -0.23943610325789827 0.9358229029771254 0.25866193562175027 4.0330208812052435 0.37865735539284656 -0.15530959876698475 0.9124130369503921 5.761649592832057
0.893259899580083 0.316744007949422 -0.3189984187554742 32.829894441069236 -0.23890844460136026 0.9355905956545365 0.2599868124355543 3.9771020796564542 0.38080115790630414 -0.15602436606264333 0.9113983155521367 5.847036010711664
0.8916017537525488 0.32053584714401356 -0.3198485412491751 33.00462359405374 -0.2412737527465186 0.9340130834180246 0.2634514878663964 3.9190144802307127 0.3831883402177664 -0.15772273878512777 0.910104525782932 5.93216634999925
0.8913576417660182 0.3206581045804837 -0.3204058994000432 33.18887635309286 -0.24053527543375355 0.9336902758393997 0.2652647739418216 3.861892714221511 0.3842191442775373 -0.1593768499970328 0.9093814838201645 6.01941963027714
0.889777115515437 0.3212903821309094 -0.3241437659332337 33.39397453538504 -0.24095071477465443 0.9338734040627643 0.26424111802151395 3.797740164097427 0.38760734370357863 -0.1570130157856787 0.9083542669246651 6.117466628322672
0.890596010542299 0.3195420268969 -0.3236226892400133 33.59069238654938 -0.23936288758343116 0.9343825600548139 0.26388404599858895 3.737488314268497 0.3867094116749003 -0.15755080527185866 0.9086438185227175 6.211076259287757
0.8912004163708296 0.31644829465808694 -0.3249958470605813 33.78667943035223 -0.23557033268427297 0.9351502318922729 0.26457666633756904 3.6773557016786818 0.3876447484355597 -0.15923144331121333 0.907952042087391 6.30110268141292
0.8921116210667045 0.31514435212423425 -0.32376055785118363 33.97431450854425 -0.23409669449808515 0.9352979811475048 0.26536121477322955 3.620589940636906 0.38643965615252485 -0.16094053487794538 0.908164385254797 6.392159766288675
0.8918321629196436 0.3130967382925103 -0.3265054847791042 34.199659764261995 -0.2321801760679397 0.9362654190373854 0.26362773218169183 3.5518342131662584 0.3882367493793179 -0.15930357756839428 0.9076864055744116 6.498254552099654
0.8910758544079662 0.31263841352426264 -0.3290000760156767 34.41575727237733 -0.23093593678452637 0.9363745876641771 0.26433194074429905 3.484956955596571 0.39070760073012656 -0.15956185708487866 0.9065801667556139 6.598202035373215
0.8912127887968534 0.31131257490418435 -0.329885209928602 34.62761597391816 -0.22863556177834568 0.9364521495770161 0.26605131396469045 3.424972403328158 0.3917468050981749 -0.16168483093149144 0.9057551934167044 6.697552118579558
0.8924909618005026 0.3057621044313534 -0.331616381586163 34.836733629609434 -0.2221298952456515 0.9377898446214887 0.266849521607988 3.365577139360099 0.39257891774171205 -0.16449886163307198 0.904887800849074 6.795770258507061
0.8935200920830703 0.30301655911311165 -0.3313650794596306 35.07841174671138 -0.21893474643086228 0.9383048280018887 0.26767849516360503 3.301946544013716 0.39203244196944187 -0.16662877138735888 0.9047350060922366 6.905164773937794
0.8946046835145959 0.29927560028825495 -0.33183818533138987 35.30437460047647 -0.21529071263023064 0.9393946750087007 0.2668102393835691 3.240895269072631 0.3915767903830603 -0.16724799770506815 0.9048180694240419 7.009071146537178
0.896410870029929 0.2941491499897949 -0.3315476369854594 35.53427812897789 -0.20937058335314843 0.9403392766913603 0.2681905176500166 3.18458205315833 0.39065524958776376 -0.17099256016708525 0.9045164645247379 7.110711442142555
0.8966890146575256 0.2934780856002307 -0.3313901480175814 35.78213111763129 -0.20807376855445628 0.9402137762104451 0.26963588797319543 3.1237519544434713 0.3907097783093842 -0.1728259286845351 0.9041443921006552 7.224407347484394
0.897093632782414 0.29279319124037156 -0.3309005396228687 36.01885345067867 -0.20595033609158495 0.9396767016393577 0.2731159198571057 3.0646478312559386 0.39090598101636215 -0.1768614620223694 0.9032787784046791 7.330566365618629
0.898008885535721 0.28805925525267595 -0.33256865892675713 36.25323945361913 -0.19999044066074584 0.9405226187715017 0.27462916349683214 3.0138848264966462 0.39189778987717877 -0.18010886282037714 0.9022067025256668 7.443406752935969
0.8981429626274268 0.28516222286739934 -0.3346964763338985 36.47770944170412 -0.19490466093441491 0.9405112593737094 0.27830000782747455 2.9639737955671217 0.3941464247208152 -0.18471927638678226 0.90029295180527 7.544471279542541
0.8974576110304824 0.2827372831159639 -0.33856974329942446 36.72937856883985 -0.18945188670332755 0.9402259016547319 0.2829900823377883 2.912866850972933 0.3983438603036295 -0.18982891232120525 0.8973779400367801 7.6562177959774855
0.8968599246169163 0.28182747211635456 -0.3409040297720464 36.985637312503854 -0.18583537511371104 0.9394924840350882 0.28778331434844884 2.8612674080852285 0.4013819886445281 -0.19474927874303533 0.8949666093660342 7.776575030857999
0.8973177972058312 0.28000402638175015 -0.34120158552659013 37.237876209489066 -0.1826578641773792 0.939293369560539 0.2904551958103334 2.808842946287874 0.40181698214748157 -0.19830744875309292 0.8939895317542786 7.898779038416264
0.8975397724120323 0.2785855884630652 -0.3417783386603383 37.48495290536498 -0.1790655499945046 0.9386206969519049 0.29483362474137625 2.7611614160554585 0.402936592076175 -0.20342416302611693 0.8923344254944255 8.016195700607161
0.8971488365697271 0.27859626893882267 -0.3427945301680415 37.72846065568948 -0.17825176477151156 0.9383707052633385 0.2961197022808166 2.7094185191854065 0.4041661599551488 -0.20455970111457294 0.891518400307212 8.142555168709029
0.897805564702799 0.2762433013249035 -0.34297931774377094 37.97207330084599 -0.17541152849545905 0.9386723033234331 0.29685897807514705 2.6564952789514997 0.4039504610343226 -0.20635910063540552 0.891201414313515 8.263105454709061
0.8980368449255921 0.2738382274400752 -0.34429995104086425 38.21584073448892 -0.17091630765530758 0.9383408153021117 0.30050670597358986 2.6107804802379015 0.40536089109420265 -0.21101960197750744 0.8894679813303417 8.38489826363625
0.8980110267633801 0.2734273912196905 -0.3446935791109982 38.4598403601584 -0.16929121257947702 0.9378619531232203 0.3029118559032013 2.564538919755356 0.4060993624408232 -0.21366457679880277 0.8884991675324464 8.501448326786155
0.8973905751008096 0.2737841318476947 -0.3460237142260889 38.686612881099116 -0.16774619781622452 0.9370196920817929 0.3063583848837746 2.5229659749134834 0.40810706903382155 -0.2168789485915209 0.8867988250565991 8.618040679195223
0.8967106513958593 0.273242808830473 -0.3482073822218926 38.93109153781655 -0.16576321154302845 0.9367640202230008 0.30821401385082364 2.4736799768180275 0.4104053803833022 -0.21865879885251352 0.8852998179690978 8.737208931962265
0.896489094307605 0.27542052715614096 -0.3470602871933626 39.16651082736504 -0.16620641662197355 0.9351635068691102 0.3128015228757747 2.4287962881302234 0.4107100458467662 -0.22273949065099002 0.8841404819396008 8.860024713156587
0.8965678198823186 0.2762975180115647 -0.34615868013136875 39.40666365131256 -0.16589163558004277 0.9341571453535915 0.31595971776297754 2.384420885214486 0.4106654605382023 -0.22585446888484503 0.8833706202183745 8.982309806889305
0.8954997305281269 0.2802894126383355 -0.345713875517146 39.639186820549405 -0.16901537418587184 0.9327549441663506 0.31843707014336603 2.340487635901205 0.41172083618857586 -0.22672933358974404 0.8826549589717577 9.105484738730798
0.8940076105621027 0.28372060588889 -0.3467751663387342 39.87889517000617 -0.17167892049990113 0.9318091518510252 0.31977836543786786 2.290945916744201 0.4138559552481581 -0.22635028932884999 0.881753258619261 9.227669779713215
0.8921702119595367 0.286547680953185 -0.34917437673833224 40.118282471731355 -0.17320627763741214 0.9309584456329298 0.32142823166480566 2.241450660110858 0.4171713191906222 -0.2262894826870056 0.8802051889924919 9.350110140684865
0.8899773834066873 0.29008111188189345 -0.35184259476664625 40.35066731592702 -0.17564387937286452 0.9301115191151891 0.3225553283818749 2.188237311763341 0.420820028139067 -0.22526793211286328 0.8787291260325529 9.473475843198422
0.8885936631505451 0.2944848728198475 -0.351681627935196 40.57532162144639 -0.18044183087358606 0.9293020095870789 0.32224008265245047 2.1383771673319 0.4217132427956906 -0.22288240203017315 0.8789092046254312 9.589949499330652
0.8876030063267122 0.29889543320642564 -0.3504603103153075 40.80976947838228 -0.18426501228899317 0.9277442197154102 0.32455695686617964 2.085466618940544 0.42214608878661564 -0.223500140612838 0.8785444673592279 9.712392382076953
0.8853801471215568 0.30287256133621676 -0.35266161204591884 41.04659134870343 -0.18698242294452147 0.926577505812676 0.32633088951432404 2.0292156890957602 0.4256049584179262 -0.2229853516694988 0.877005112054776 9.838205416069655
