1.0000000000000002 2.168404344971009e-19 0.0 0.0 1.6263032587282567e-19 0.9999999999999999 4.705268021997638e-19 -1.734723475976807e-18 -3.469446951953614e-18 6.721206436462873e-19 1.0 0.0
0.9999971919731098 -0.002060675339990774 -0.0011728602723483795 0.8587678969124596 0.0020612767211699635 0.9999978196866427 0.0005118395159484531 0.046516454129833656 0.0011718024083839035 -0.0005142546302000498 0.9999991883399669 0.022240400602965046
0.9999603011676776 -0.0021027264093903685 -0.008659132085518634 1.6606630626250158 0.0020887385694822575 0.999996574833136 -0.0016241036405561253 0.03902148055378814 0.00866251636905562 0.0016059533900310212 0.9999611972387561 0.027665139432133435
0.9998360024222196 -0.0051905167734940735 -0.01735029493003456 2.5088483599173097 0.0051658016207641495 0.9999856532687814 -0.0014690029523642199 0.04591595373140831 0.01735766917759989 0.001379134763022822 0.9998484002924284 0.04276468568133539
0.999626942775359 -0.008072699186882937 -0.026092388614447046 3.3344960790425793 0.008113313903286871 0.9999661088061395 0.0014510672160564307 0.04135245707985817 0.026079787950454503 -0.001662220501832647 0.9996584896567249 0.06395592575839242
0.9994769333019532 -0.010888470240920779 -0.030451715080037148 4.190629321331835 0.010997570800158615 0.9999337598862889 0.003417527705208272 0.04931670407888407 0.03041248366915368 -0.0037506337309037704 0.9995304036611352 0.09898557247784587
0.9993851061040457 -0.015842580109802606 -0.03127983841150343 5.0440161259004 0.01597735186102817 0.9998641727836339 0.0040633029248549534 0.05769218387753112 0.03121121386728646 -0.004560572077369125 0.9995024139893607 0.13461210586298894
0.9991933366344826 -0.014682855426342999 -0.03737774364456144 5.9208908364149115 0.014687499931269415 0.9998921966671437 -0.00015036413766538262 0.07645490582089685 0.03737591884679965 -0.0003987417268291613 0.9993012038192962 0.17283176000805062
0.9991449236795904 -0.015391337687391206 -0.03837361264825121 6.777734664930398 0.015371347903173772 0.999881596047039 -0.0008159470057797722 0.09575276684832039 0.038381624378762365 0.00022539615051075105 0.9992631356984629 0.20997623682112704
0.9990691199353449 -0.01803817281623705 -0.039185760822613575 7.557126495579354 0.017940980421169712 0.9998351160045695 -0.0028305909466016374 0.10928319306625386 0.03923035515090072 0.00212492589670537 0.9992279410544771 0.250220318860144
0.998958081020978 -0.021093046722817286 -0.04047025674509339 8.280563621257304 0.02087495501451889 0.9997653221974817 -0.0058040506509022625 0.12300839088008737 0.04058318103717112 0.004953189170654331 0.999163893259382 0.2898923831017393
0.9989911326619287 -0.020819139572993254 -0.03979052938145773 9.176423600159382 0.020584664853913057 0.9997683803386949 -0.006293446372673858 0.1460510427489784 0.039912333949673404 0.005468023031109425 0.9991882308064497 0.34319561025556133
0.9988949965094 -0.02374555542776483 -0.040557865872015965 9.999566224032758 0.023603347157665253 0.9997135482528713 -0.003981665739317251 0.15897086526886403 0.04064079151509534 0.0030199653942961616 0.999169265006358 0.3812457884507735
0.9987659791493051 -0.027554090633302716 -0.04131944967543832 10.909208048061634 0.02739290051658114 0.9996148592412029 -0.004462331781678818 0.18902812559420903 0.04142648796380643 0.0033249663746590494 0.9991360292537218 0.42969391952918445
0.998814272848061 -0.027116115381884808 -0.04043229624662545 11.794803662436982 0.026864385775084317 0.9996163289624788 -0.006756468600951035 0.2163777249827226 0.04059998938404042 0.005662269080295454 0.9991594436475993 0.47698717637621485
0.9988051763539767 -0.024177594494339778 -0.04246963092785472 12.602549326185772 0.02372373409610033 0.9996563522498862 -0.011158497499211445 0.23710190101141196 0.042724818464855215 0.010137627124086437 0.9990354511541321 0.5154566539704765
0.99857002717794 -0.027544366736460466 -0.04581718696204301 13.439469007494647 0.026984569437703394 0.9995540723194335 -0.012792175004647638 0.2559569062414586 0.046149104432658766 0.011537525674099387 0.9988679391794919 0.5642565229340343
0.9983912967489375 -0.025735948493307136 -0.050522128511219566 14.349183813289374 0.02515506817788753 0.9996104048268764 -0.012100054804226212 0.27681110509860174 0.05081384765116378 0.010809702065401411 0.9986496470171327 0.6171874995472257
0.9984806428358342 -0.021492517681748872 -0.05073936838411185 15.277774804636204 0.020818873511001052 0.9996885345532476 -0.01376802847050005 0.29296512935412755 0.0510194703305843 0.012690773535794387 0.9986170297834661 0.6717017425644897
0.9985074658654468 -0.020014225823530893 -0.050816112738261 16.149757393069013 0.019490789966754803 0.9997520443599256 -0.010775394381289168 0.3111460449191332 0.051019169682834035 0.009768865874102951 0.9986499025402797 0.7258277121707194
0.9984267018180442 -0.02471529198921485 -0.05033171343009789 17.063674140582627 0.024096719772652788 0.999626990190642 -0.012859968819855242 0.32534481402249515 0.050630773033674595 0.01162690724749276 0.9986497654879679 0.7750092277785209
0.998261451884372 -0.022085521847127167 -0.054647134825397396 18.099217887098746 0.02156107338170761 0.9997158994661189 -0.010168121199554386 0.3592022394736335 0.054856173447923796 0.008972192922085799 0.9984539620073241 0.8446536694647286
0.998591134706688 -0.01757546764106355 -0.0500684986851671 19.080900224494712 0.017124741927709273 0.999809088262185 -0.009417030407687469 0.3806753263111833 0.05022444469810357 0.008546353364335003 0.9987013964435224 0.9059006013794157
0.9984522836465963 -0.017681866182627973 -0.05272944933692825 19.977626797667646 0.01759609083758124 0.9998430663720621 -0.0020905583940676008 0.392145590258371 0.05275813507151707 0.0011594915491293014 0.9986066538044024 0.9765345048380624
0.9984626324598085 -0.01960155229325038 -0.051847436458361436 20.808806165549665 0.01961146126050721 0.9998077014501113 -0.0003176912396637456 0.3992659902492723 0.05184368936445459 -0.0006996001004640684 0.9986549737983003 1.0394322450188342
0.9984326115868599 -0.019301502689249628 -0.05253358974940365 21.707467058542612 0.019451645642124926 0.9998081164567147 0.002348184094251132 0.4251272761255689 0.05247818174278128 -0.0033663671011343508 0.9986164039674165 1.0997949940699174
0.9986197980539553 -0.02124249549091221 -0.04803395942638058 22.63917134891433 0.021464638029708626 0.9997612206628714 0.004113537697619362 0.4415636137849171 0.04793510423397584 -0.005138890361750849 0.9988372399181108 1.1529680177542372
0.998766448779687 -0.01984293152534387 -0.04551752188632826 23.51882341493077 0.020149607751022234 0.9997772738622853 0.006288576582004296 0.45848728411001743 0.04538259646026228 -0.007197977991721567 0.99894375382734 1.2066500667420568
0.9986836730907491 -0.02507337777030914 -0.04474653916601885 24.48709230632258 0.025310515901704692 0.9996684714971351 0.004740790949025367 0.4776228157548285 0.04461283314059499 -0.00586710708062864 0.9989871302639367 1.26642568322562
0.9985122520076837 -0.026017925690192945 -0.04792030959314374 25.396522022671924 0.02625697533539932 0.9996457686177112 0.004365632874285247 0.4989102092878505 0.047789746149664025 -0.005617378888263357 0.9988416288264513 1.307244381796038
0.998544259804534 -0.024348402086008008 -0.048130265586765225 26.31228608199949 0.024602668431561694 0.9996863473621922 0.004697427289127365 0.5255858781205167 0.04800079068269669 -0.005874720592151956 0.9988300285889997 1.3733327319865642
0.9984915684266101 -0.022556269008273983 -0.050058050776810914 27.3825151220586 0.02288650084446712 0.9997199382207353 0.0060335248799633446 0.5597944429828544 0.049907933611878376 -0.007170075821843176 0.9987280923427575 1.430741924959828
0.9983174152942419 -0.020679102494884197 -0.05417304660446521 28.348023932102393 0.0210597202704833 0.9997573950788581 0.006464471108830644 0.5697308365077691 0.05402622019429473 -0.007594461747007413 0.9985106438799703 1.4850885991759222
0.9981209753804329 -0.012626351941801157 -0.05995915009766728 29.293468896640693 0.013108224353414188 0.9998848934614448 0.007650130805906813 0.6013803594268229 0.05985565044019953 -0.008421712409135789 0.9981715234015548 1.5549877269481662
0.998015515367034 -0.005593110357185983 -0.06271964717204231 30.324725770216542 0.006095110410411468 0.9999509585087613 0.007815396723536866 0.6124592613692115 0.06267285400052239 -0.008182168779470003 0.9980005910543318 1.6393688684349148
0.9984369635657148 -0.009995027082599247 -0.054988500229352255 31.31595613139357 0.010402417489442052 0.999920566871483 0.007127403260602753 0.6143491477512788 0.054912889356661526 -0.007688274655256588 0.9984615562327027 1.7118052480357653
0.9987524079371295 -0.002440640282265908 -0.04987661629439276 32.36994367540039 0.0030904366267838677 0.9999113782904709 0.01295511428580571 0.6286345774250172 0.049840573346542856 -0.01309309017924178 0.9986713686179997 1.7737094197854377
0.9986619785976754 -0.0007792533193987691 -0.05170736123435448 33.403979992956415 0.0017210941308223278 0.9998334546783293 0.018172808270651538 0.63316591055714 0.05168458423885939 -0.018237483605464885 0.9984969264865562 1.8398311224257977
0.9983904195659931 -0.005430455257233691 -0.0564542842724935 34.27518105833804 0.006798753835229151 0.9996871469243641 0.024073542322731196 0.6332921529249319 0.05630588760367764 -0.024418610066341766 0.9981149196174218 1.8849503599632915
0.9984106958513939 -0.00694167445263918 -0.0559276452526748 35.24969357801734 0.008693256408669033 0.9994774100087175 0.031136544360777667 0.6331817042813677 0.05568227383874591 -0.031573249038616934 0.9979492114254086 1.9509211077611226
0.998798205825973 -0.002423766424776559 -0.04895176537485889 36.18872907013233 0.003915210229723385 0.9995303797792665 0.030394756893642454 0.6438048916283137 0.0488551028924102 -0.03054988193566651 0.9983385687703302 2.0114460057768953
0.9989017751512953 -0.0073744055104516355 -0.04626951135617031 37.186093699124385 0.009000406928939003 0.999345715223556 0.03503261849882487 0.6577136110589761 0.04598088944099351 -0.03541058572139714 0.9983145108052799 2.067801952632871
0.9990558519336066 -0.002611401838003078 -0.04336578416028746 38.261212169613195 0.0040104148332531335 0.9994733083905947 0.03220516429201358 0.6657533766216235 0.04325883958508866 -0.03234866933603518 0.9985400596116522 2.140804573966681
0.9991909100116801 -0.0023619858640212773 -0.040149125905666994 39.38424129985984 0.0037269309143804427 0.9994164510868729 0.03395611141357164 0.6689844560219128 0.04004548974403937 -0.03407826746333727 0.9986165654029376 2.209547960933538
0.9991639543996202 -0.003533895920132909 -0.04072971576526903 40.47073159038154 0.005042047563155418 0.9993031665606259 0.03698525757282032 0.6753294949380073 0.040570628522890485 -0.03715969373701315 0.9984854508313736 2.2616389152237195
0.9991730600620115 -0.0012952175928360435 -0.040638951707488595 41.483198234704375 0.0028100501343023727 0.9993024584010988 0.03724044134021472 0.6806239117756139 0.04056236650808106 -0.03732383957506195 0.9984796641303926 2.3177784136922863
0.9991977680957992 0.005082421634752775 -0.039723987222839686 42.521079935637516 -0.0035900183209957104 0.9992883472798206 0.03755077866929494 0.6837271207320388 0.03988656310545166 -0.03737804074539967 0.9985048614868994 2.3662934626663623
0.9991470926706267 0.004474035143850573 -0.04104967911623476 43.570228881802926 -0.0030115430011990745 0.9993609334562282 0.035620296316834166 0.6784027551259718 0.041182808682135856 -0.035466289117147 0.9985219741521024 2.421410697188241
0.9988023373849068 0.008142492845149802 -0.04824517160186528 44.50773311026608 -0.006274977981525168 0.9992299043037719 0.0387346513583996 0.6786092717882537 0.04852341088539129 -0.03838551920581623 0.9980841872160131 2.4731229830227224
0.9985607868034617 0.010056266300225991 -0.0526804755552802 45.55353758965721 -0.008347859143658905 0.9994353249264473 0.03254988104947464 0.6764214260334603 0.05297805421873192 -0.03206326237163213 0.9980808019577307 2.526220385197598
0.9982678069731566 0.019232452764911128 -0.055601297285496426 46.72720840086088 -0.01744884116449741 0.999323121546606 0.03238806730594049 0.6717147773433573 0.056186559446374684 -0.03136178350117527 0.9979276142749565 2.594676735120743
0.9983063692939684 0.02438212343474359 -0.05281960831062494 47.86569456830282 -0.022501988972783722 0.9991020115578849 0.03590238449890712 0.6578129028533016 0.053647548964747944 -0.034653029428033895 0.9979584772428343 2.685174483812648
0.9982221910446551 0.02572704936452762 -0.05376413465483593 49.02381015754262 -0.023880653660861187 0.9991122375049994 0.03470736907249547 0.6244866569101261 0.05460931868182828 -0.033361739967825724 0.9979503148347253 2.757394997303279
0.9977895452667822 0.02720142081334939 -0.06063094919447811 49.993701963574814 -0.024776112945025415 0.998876421813814 0.04040035137492745 0.5917369279951503 0.06166176765213709 -0.038808845242244185 0.9973423254832209 2.8220541514279005
0.9974325540505351 0.028667068400403624 -0.06562396854605436 51.0359142059001 -0.02601408866569164 0.9988233530204689 0.04093075703296962 0.5740439835142422 0.06672011186410048 -0.039118518029509906 0.9970046050441885 2.902016841666046
0.9973657242998133 0.031233883974644154 -0.06546802595120765 52.02095916724207 -0.028415442102985012 0.9986471997038622 0.043548632506391974 0.5423801437339494 0.06673964846839257 -0.0415736065674846 0.99690394162055 2.9736637331311098
0.9978731353014944 0.0275661177631733 -0.05907047429310819 53.1414940439256 -0.02493170388592702 0.9986812988511256 0.044880103451569266 0.503290509788203 0.06022974341999196 -0.043311917911724326 0.9972444384571274 3.0628069251463628
0.9973576055974753 0.03249455389509938 -0.06497627614914236 54.15299531913183 -0.029635816754689567 0.9985703711707958 0.04448687901563654 0.48591241787780665 0.06632896025438469 -0.04244369812763871 0.9968946864037963 3.1342961898981585
0.9975086432880318 0.035690739685219304 -0.06084968039827596 55.17389888135899 -0.03295375614156426 0.9984250582560404 0.04540488103755965 0.46212176431605567 0.0623743745382817 -0.04328653170066583 0.9971136985487596 3.2160207820915048
0.9975732303293534 0.03716282151123587 -0.05887767629384759 56.09475784080261 -0.034321284765065276 0.9982305237700724 0.04855945886490541 0.4323231755195179 0.06057809532591714 -0.046420854474434003 0.9970834533256727 3.274822084537154
0.9974160663122081 0.03960709021347513 -0.059937258906983384 57.155117261533405 -0.0366181303488692 0.9980692080911265 0.05017089404779512 0.39032547586556415 0.06180865074782572 -0.04784646105123499 0.9969405303812799 3.3453876995746494
0.9973412868896886 0.04316019876731817 -0.05871593178827758 58.15550559008925 -0.040262882548143655 0.9979541779882902 0.04966396222695771 0.35456549849138036 0.060739311084872016 -0.04716784301031078 0.9970385874849538 3.422980471864527
0.9977029229196558 0.04290193126956667 -0.052424305709251225 59.078502967563786 -0.040290840859342356 0.9979418745065038 0.04988800926818711 0.31699382935053355 0.054456697460529085 -0.04766118894803544 0.9973780092969035 3.5011986078792408
0.9979563498375188 0.04119550758719475 -0.048847312226869534 60.06183016414334 -0.038455169521600344 0.997702800652664 0.05577160322552682 0.28575443612014256 0.0510326355681144 -0.053779189113524604 0.9972479547156593 3.5730880769824975
0.9976971991346202 0.040586430573937696 -0.05434193988422836 60.992319877423604 -0.03714023238026087 0.9973228420132074 0.06299128635683778 0.2609804580269397 0.05675304484310326 -0.060827952399137235 0.9965335249590287 3.643214491444486
0.9974471886445574 0.044011788391599985 -0.05623232420789606 61.922576087427 -0.040282843094137225 0.9970188857157432 0.06580869469789566 0.22902294107881804 0.05896104285542572 -0.06337549414946517 0.9962465339593477 3.7001301985537203
0.9970868027378882 0.045861683144553904 -0.0609476805404786 62.92059731794083 -0.041796552074482775 0.9969188327222603 0.06637800402106672 0.1979843680396704 0.06380409247186876 -0.06363722340796378 0.9959314011718217 3.7817148801205045
0.9969885934302468 0.047520122066807634 -0.06128285654988453 63.90846056651685 -0.04324267627648112 0.9966561645340536 0.0693304468770157 0.16403936311152265 0.06437252295965572 -0.06647162429670449 0.9957096543222167 3.8614042666964905
0.9969962060644533 0.04363063066744133 -0.06399171117283528 64.76667271339217 -0.038949393331559064 0.9965959316698886 0.07266115852076549 0.13541275883657822 0.06694412590898416 -0.06995045510633546 0.9953016789375975 3.9290396280576436
0.9969650866170888 0.044689618125954955 -0.06374527462108182 65.75420653482836 -0.039964918856149015 0.9964897616426908 0.0735602502820945 0.08999201029683054 0.06680888773821438 -0.0707894205687852 0.9952514479838853 4.0072974532707235
0.9972756726943441 0.04358412915488204 -0.05951186668248628 66.51971660849303 -0.03911553848950081 0.9964691653331624 0.0742921759565336 0.06421483908158035 0.06253969494704369 -0.07176193497407354 0.9954592033348276 4.069055359847689
0.9975907905658448 0.04254327957798348 -0.05479680537351078 67.52678391549773 -0.03845567970764722 0.9965458701280284 0.07360461703210831 0.03655230290333143 0.05773890726736775 -0.07132003366157204 0.9957809426000201 4.139396124293922
0.9974215095458765 0.04449958582699486 -0.056303863940503567 68.35398932704936 -0.04047359843030342 0.9966741505842148 0.07072959498531363 0.0025299493870206413 0.05926403871548415 -0.06826839360162124 0.9959052236078922 4.183722836697535
0.9974616449300109 0.044398478166773926 -0.05566909347358625 69.24907376681324 -0.0399826339021979 0.9961457058884896 0.07807222198461956 -0.026394479377622206 0.05892081154787277 -0.07564824363798657 0.9953922319670422 4.255527844918743
0.9975295998667525 0.04294142280813078 -0.05559440201197791 70.04983124790317 -0.038231848790079744 0.9958018587238748 0.08316930996238064 -0.06113041837894563 0.05893241265305959 -0.08083836500595368 0.9949834891802756 4.312958303395159
0.9977388760770437 0.04380711663521878 -0.05097134130867374 70.90148258673193 -0.0391267994227121 0.9952223694843498 0.0894521048625523 -0.0883421191610122 0.05464645345821512 -0.08725548995559569 0.9946860101842941 4.381923399290353
0.9974790253338863 0.04508634736731571 -0.05479800396194448 71.81041654355214 -0.03990186686060162 0.9949335555596729 0.09227790234869879 -0.11124296856689844 0.05868084178638831 -0.08985872208753681 0.994224312281357 4.442372326942053
0.9976115837780982 0.04266382499245917 -0.05432248049331657 72.6433473554044 -0.03742167840385141 0.9948585255198985 0.09410782329467524 -0.13883108917417736 0.0580581779035609 -0.09185020875659965 0.9940788708091473 4.502832433325553
0.9976419159040392 0.03950871500003838 -0.056121965472914884 73.47994993121331 -0.03385466797189831 0.994575957004118 0.0983497708452071 -0.17232460159037688 0.05970322582658939 -0.09621785550538331 0.9935681473191189 4.563685451588594
0.997013498718285 0.040438983848908254 -0.06579344873899802 74.2350886606853 -0.03342423693282471 0.9939705977172739 0.10442902603430385 -0.19322554863380542 0.06961975180408154 -0.10191804458922625 0.9923536751608011 4.621459796030325
0.996749739588727 0.03958356613333127 -0.07016483350049718 75.02393191621675 -0.03216417897287153 0.9940690440184806 0.10388624324055136 -0.22124150100916248 0.07386087117963756 -0.10129178347277554 0.9921111634130477 4.68775212671402
0.9967561303351523 0.03543731566314197 -0.0722593885669075 75.82135852540368 -0.027576464184617396 0.9938743961419305 0.10702043513291003 -0.238822036357473 0.07560926723869879 -0.10468060794498871 0.9916275627911905 4.756711159969869
0.9968737773994676 0.03652748099652246 -0.07006012420446577 76.56557287501002 -0.028629125593146267 0.9934525747431624 0.11060065607130605 -0.2637281421398892 0.07364136839807632 -0.10824912504945758 0.9913925004990645 4.82299007756609
0.996678928101024 0.0424733730911968 -0.06947757045140106 77.20237534572135 -0.03482967341727763 0.9935678532723232 0.10774954762282311 -0.2824126404823418 0.07360716151436196 -0.1049718141184781 0.9917474064870431 4.873223162550897
0.9965316173930223 0.04171699100059506 -0.07200301477079189 77.88662146564874 -0.03373685133925986 0.9935029612807034 0.10869149464257093 -0.3078867805290844 0.07606948458002626 -0.10588534746164563 0.9914644426140343 4.935379650888831
0.9958114129831418 0.04643248964018757 -0.07876331390001468 78.51915282378347 -0.03759631108380153 0.9932006780233378 0.11017749673287366 -0.32548626916347667 0.08334358580515175 -0.10675479010398223 0.9907861907365767 4.995207404662664
0.9956478902163771 0.04578393670792478 -0.08117336869553511 79.10871796269579 -0.036659832090147886 0.9931964291789949 0.11053081016922914 -0.346711458178824 0.08568162894569538 -0.1070739573142212 0.9905522905862095 5.054317992338842
0.9953690355683641 0.046083401916005524 -0.08436118205509034 79.76807344702719 -0.03631376989218679 0.9928302390371582 0.1138840497571411 -0.3752854145372705 0.08900449014251838 -0.11029317542440753 0.989905869488899 5.129484619519187
0.9954168385840343 0.048584603722969036 -0.08237025969746618 80.38822636944143 -0.03905945053083254 0.9927649502562568 0.11354410194444992 -0.3997403892769731 0.0872907952485411 -0.10980636515337769 0.9901125660731623 5.199034424049922
0.9952009182346216 0.04992038259692112 -0.08416111741488644 81.0672066306117 -0.040054318577462035 0.9925470918129201 0.11509158230061947 -0.4211559238686607 0.08927928129337191 -0.11116822332196669 0.9897832340035256 5.271297072439169
0.994926682749791 0.05521008224334738 -0.08409963560776614 81.67175709056798 -0.045413542531160804 0.9924139454388403 0.11424675607095046 -0.44919950376621065 0.08976921707956526 -0.10984787489455866 0.9898863299921729 5.340277352433656
0.9949809042955714 0.05803484917425523 -0.08151663821986217 82.23162262632725 -0.04840228448945066 0.9921230163928064 0.11553912505853443 -0.4739352552356382 0.08757982194308743 -0.11101362277797823 0.9899524052223054 5.404128076308109
0.994331877843812 0.06918025786927527 -0.08073546038091724 82.79451114291147 -0.059637344166878097 0.9915561974075773 0.11515139939574091 -0.5033578469010825 0.08801994280300758 -0.10968385002014322 0.9900615925148374 5.466468004613253
0.9939697800372402 0.07446189160410693 -0.08049539744381586 83.2688678862545 -0.06472536649518439 0.9909672627711998 0.11745067589107462 -0.5345601180978473 0.08851389633519936 -0.1115323195118248 0.9898110153555454 5.516304292089992
0.9932518666490627 0.08538078941035113 -0.07849112138323049 83.81159862130555 -0.07584977909180288 0.9901974400884381 0.11728593638403127 -0.5789327354621403 0.08773566651057377 -0.11054093223587644 0.9899914996512195 5.576788989420988
0.9916346221945076 0.1035174790884316 -0.07710326534273258 84.30443838190477 -0.09429564053296034 0.9888894875852899 0.11491763893864 -0.627105037762828 0.0881425860071438 -0.10668579917179274 0.9903782302970674 5.630780372230494
0.9893246426842819 0.12266528446929002 -0.0786764596424225 84.71652548091107 -0.11360526321001345 0.9873270810040489 0.11081168488231785 -0.6827180670248111 0.09127213901636393 -0.1006906625737058 0.9907223634142653 5.679454007682966
0.9863696454729283 0.14491400012106767 -0.07794139462891726 85.14151703513097 -0.13612559205811536 0.984761957960761 0.10823058513916534 -0.7439878595473434 0.09243784023040343 -0.0961455376676774 0.9910657372442221 5.7255161591325905
0.9822159841185519 0.17120421495428434 -0.07707712541403992 85.66600593344094 -0.16248580799123064 0.9807899141729922 0.10793357530176528 -0.8318181882286348 0.09407514292726066 -0.09349013635351466 0.9911657157847614 5.7865031852396225
0.9776402304162866 0.19676405512942072 -0.07418552701704301 86.16941024813016 -0.18851991297119153 0.9764015450676179 0.10535850901732224 -0.9380685782567781 0.09316562339943553 -0.08901726073891329 0.9916633038317172 5.8464892570689075
0.9678355830714795 0.24088995031391983 -0.07256942825065313 86.62774309835143 -0.23267209132559713 0.9667588144632568 0.10602472728199439 -1.0517243082346928 0.09569741821158985 -0.08572961618001104 0.9917118791849605 5.903024913363013
0.9573099023010929 0.27998399432049464 -0.07187989857250353 87.07534860260012 -0.27156407430968776 0.9563127862889056 0.10825413869281188 -1.1892273932591266 0.09904908446613057 -0.08411275403116554 0.9915212240466744 5.958634878414111
0.9442337533382159 0.3222425011276201 -0.06769339304556422 87.47986629704558 -0.3138665799070492 0.9429751157674512 0.11084155935507209 -1.3423319959285824 0.09955103861892951 -0.08341364115464206 0.9915300143911523 6.010188863117489
0.9271109247908106 0.36788621445119357 -0.07158961019923649 87.88635905846117 -0.3587768687140194 0.9263980878978046 0.11430613034524667 -1.5124562915490993 0.10837211908044894 -0.08028975959097479 0.9908627819078372 6.062458763118477
0.9071126352624705 0.4136027345878644 -0.07797083318008634 88.2153589882687 -0.4040128668458473 0.9076016213557687 0.11416238677791021 -1.6788429320503964 0.11798432075094928 -0.07205691785694085 0.9903976549372464 6.109201350659334
0.8824073347899306 0.46348278758744227 -0.08087649261241146 88.54581157104262 -0.45309375229831267 0.883444816201562 0.11929567709801332 -1.8673712549917012 0.12674140124104352 -0.06862274144425173 0.9895592710027197 6.157223335927382
0.8533400457067284 0.5148869114039469 -0.081867214416536 88.8701054152156 -0.5043141353714825 0.8550270115263322 0.1208147865300988 -2.079769508677993 0.13220462166989247 -0.06180929701767594 0.9892934666066501 6.218931796384391
0.8208422261226218 0.5653787077992098 -0.08102445630508417 89.1683877907842 -0.5549662965609163 0.8230459438570977 0.12086328723516615 -2.3063794805615667 0.13502036873492365 -0.054243842909431385 0.9893569223452192 6.279568984813923
0.7816025877581636 0.6181073281661092 -0.08390906753906881 89.43929405059937 -0.6072802969473368 0.7847479148155888 0.12402218088547702 -2.553552801153218 0.14250647354405024 -0.045979730323635545 0.9887253327677543 6.3366344007355195
0.7409987703269313 0.6660977572119658 -0.08505648799089281 89.72553407149836 -0.6542778716072487 0.7446801849545828 0.13180303137844412 -2.837666629991035 0.1511335730625659 -0.04201530284846408 0.9876200543119787 6.404327574000662
0.6973621722919549 0.7121977953106832 -0.0803760346684776 89.98210534961078 -0.7002328181588456 0.7009382484384623 0.135498053376393 -3.135282530234595 0.15284003995386408 -0.03820927651271426 0.9875120189823404 6.466782510209733
0.6546948146266798 0.7518763489545205 -0.07782455603431265 90.22973768314311 -0.7404137903991903 0.6586090936596982 0.13424466825503745 -3.4435547970967404 0.15219133948854552 -0.030266911240839505 0.9878875060086161 6.535139636527878
0.6088598604377251 0.7894712930969002 -0.07761928666151625 90.43584412784718 -0.778044313098363 0.6133855458310652 0.13566638950113394 -3.747643346655992 0.15471525641101574 -0.022210572601777983 0.9877094178743447 6.595373702849109
0.5680315263066305 0.8192204138811012 -0.07885495888285862 90.61896388495825 -0.8077088466241874 0.573296031056485 0.13761624206232922 -4.041510674421552 0.15794525744278787 -0.014478514934438878 0.9873417252987574 6.655611499715232
0.5223232673915997 0.849066549483735 -0.07914799319836338 90.80169963557948 -0.8370643779748225 0.5282226851914507 0.14249270926685337 -4.365903896071523 0.16279354583468095 -0.00817529109721397 0.9866262921234917 6.720102442837975
0.4773467202600929 0.8749650190567497 -0.08109457455424915 90.95710382408805 -0.8625779067631412 0.48418617138322056 0.14670806530258312 -4.6922020169332175 0.16762928373620378 -8.022537815925035e-05 0.9858501057753547 6.782712880753141
0.429758622571366 0.899378777808307 -0.08015825778906781 91.10439843974237 -0.8868367041440063 0.4371189546731099 0.14982599863820223 -5.049704677081127 0.16978900424773216 0.006698269868329488 0.9854576812205772 6.846377430197537
0.38533731002667854 0.918961384979679 -0.08381608649784404 91.22900826309841 -0.906892630562597 0.3939192644341254 0.1495778057011848 -5.3973044451567995 0.17047298543898026 0.018374280518549203 0.9851910278267099 6.9136966866945455
0.3495191923513454 0.9332171629832358 -0.08331906642398668 91.33469015330135 -0.9213486198713272 0.3584953917419345 0.150326062212939 -5.721529921875474 0.1701563494922339 0.024224061186852733 0.9851192952360615 6.975669749849983
0.31801546912572004 0.9443643371657157 -0.08391761450665584 91.43365242491178 -0.9327365949154538 0.3275015166178897 0.15081562033807272 -6.058536417627848 0.1699080262125598 0.030311327468869862 0.9849936549617613 7.045648609022469
0.2907660077204806 0.9529413089880916 -0.08577876378531524 91.53588001588159 -0.9412126053575937 0.3009928322891713 0.15336980356629643 -6.4319850828721306 0.17197120114610084 0.03614132552832118 0.9844387867331952 7.115052291156564
0.26331804303192174 0.9609311749187599 -0.08529297287157588 91.61440785329637 -0.9488490103413594 0.27394074932678925 0.1569782521623649 -6.7671110419192315 0.17421050374915478 0.039594943733720245 0.9839120667384313 7.1844715207129894
0.23433734455541488 0.9685859928482072 -0.08322973833402383 91.69337178213996 -0.9560056013469168 0.24513877823687755 0.16112237528444692 -7.139418324354827 0.17646369861165168 0.041811103276956516 0.983418735317953 7.2580405631646805
0.20545853834423045 0.97527581100534 -0.08138726821505643 91.76213736526691 -0.9623922311108962 0.21644477148886607 0.16417370255913427 -7.509048279836352 0.17773047590644808 0.044595582253209747 0.9830682205406026 7.330500988737168
0.17533522175881733 0.9810405436161592 -0.0825652331812728 91.81313347924646 -0.9674678467672849 0.18722948464548825 0.17015062671148043 -7.890848952399496 0.1823832953898401 0.05004580665217734 0.9819530360758489 7.404926230674691
0.14922691490810222 0.9854351713966114 -0.08154052231695562 91.86197075748622 -0.9703983712010307 0.16178699570304608 0.17931012077186498 -8.268317915282255 0.18989068121293648 0.052368889871548197 0.980407590148817 7.484109863908029
0.12537510749517325 0.9886992832658925 -0.0821876853808716 91.90323937438848 -0.9724414640167242 0.13888066064581162 0.1872696221469052 -8.648871859159721 0.19656760625595004 0.056443759737920325 0.9788642870269381 7.562859254684664
0.10718809584153345 0.9910697571366021 -0.0793186897095765 91.93846138854373 -0.9733805994831376 0.1208605308286278 0.19473851919207372 -9.048394482838683 0.20258594046393286 0.05633361831839563 0.977642815363977 7.649314646321929
0.08790537417773843 0.9929853797282389 -0.07907393233435728 91.96950690360812 -0.9755017335531843 0.10188414342250447 0.19497727912053384 -9.475875946652414 0.20166595208159988 0.059997202751798914 0.977615053941112 7.745098094065817
0.06995887549134011 0.994539912738508 -0.07743464113850687 91.99923100987935 -0.9772731624562009 0.08390152905413074 0.19467370029022008 -9.950063629998079 0.20010763448277305 0.062055638662261874 0.9778067531937125 7.843010836323498
0.056619018252344715 0.9955935048206701 -0.07475202919798357 92.03021022431246 -0.9784734935966928 0.07021603185505532 0.19406050968361413 -10.423632160298121 0.19845415875962358 0.06215535879488603 0.9781373484860862 7.941410527659919
0.04468483943401293 0.9962028367539325 -0.07472067388852456 92.04792022646615 -0.9788355306373434 0.0586125856844023 0.1960757990695188 -10.845678758662325 0.19971082398190262 0.06437762987928825 0.9777377571797548 8.030614953512009
0.03243844655015415 0.9967661059430858 -0.07351927071626187 92.06102665569622 -0.979406879884304 0.04636695173426956 0.19650043165758135 -11.31178670914787 0.19927381942211067 0.06563110569506644 0.9777435845442654 8.129301012406486
0.024824147312478527 0.9969864187403831 -0.07349726862690263 92.07253315383997 -0.9790080135165562 0.0391227567590807 0.20003217139597262 -11.789273935672336 0.2023047586107808 0.06698878166455528 0.9770288133078954 8.235800286973353
0.01801329837732493 0.9971606087994703 -0.0731180366149161 92.0783969013893 -0.9790105545269274 0.03243952438304043 0.2012117332615861 -12.359181220240684 0.20301231337636846 0.06795883730563959 0.9768150343380997 8.360526524797152
0.011863277683923607 0.9971056438854321 -0.07509729364359853 92.07962029097594 -0.9791048486783952 0.026831059875797966 0.20157861925276077 -12.944556461937097 0.203010103536941 0.07113673568429126 0.9765892058370326 8.48971792195642
0.007218866794819231 0.9970834110972973 -0.07597739936953442 92.07575070010887 -0.9792758325865982 0.022427848303798792 0.20128583047929094 -13.460650518764645 0.20240275670373792 0.0729497697849788 0.9765815221610269 8.602504611514396
0.000855967627178834 0.9973541582668243 -0.0726908264189952 92.08315932627771 -0.9800640113014264 0.01527894598480007 0.19809401248094866 -14.10631203225074 0.19868051120882113 0.07107209534665616 0.9774839262044872 8.744149754772334
-0.004215519524712796 0.9971444926117784 -0.07539957683778249 92.07250350775318 -0.980180484831527 0.010813819594661742 0.19781159895379735 -14.740061073854049 0.19806208886193516 0.07473906665748233 0.9773359172414147 8.870803095026847
-0.009251395501833402 0.997170606791223 -0.07460025851881173 92.0655435934471 -0.9803421097600351 0.00565947212897053 0.19722441133367782 -15.348009294503647 0.19708856904791458 0.07495837005503887 0.9775159093174081 9.000631974510526
-0.009195509137871432 0.9969339224935053 -0.07770587321167874 92.05195898718941 -0.9805526307477114 0.006245041488243998 0.19615730424841 -16.01693038113596 0.19604113226665126 0.07799845866914529 0.9774886849289606 9.147261521728229
-0.01043745332911785 0.9967972217923894 -0.0792865949146341 92.0377536794286 -0.9802707571377917 0.0054517398046769906 0.19758459315709204 -16.640260685451505 0.1973840084335025 0.07978460425323253 0.9770741959535006 9.284393836947158
-0.009452589150062592 0.9969412049114713 -0.07758149551410072 92.03189737516847 -0.9795277344614972 0.006370492810783293 0.20120880811118844 -17.22760843459019 0.20108756871414762 0.07789516472417041 0.9764712731465934 9.407767944379861
-0.0069226956171114075 0.9967510472830471 -0.08024607132889429 92.02894299644475 -0.9791535747198525 0.009534346832339995 0.20289781557046285 -17.903132085828048 0.20300368865802587 0.07997782126363812 0.9759062786745757 9.561759122495197
-0.0050092474362787055 0.9970703896296021 -0.07632530053773776 92.02561242693287 -0.9786529862764846 0.010794035472015297 0.20523637949885667 -18.715221969394754 0.20545895932061528 0.07572405725660361 0.9757317753598016 9.749925850707143
-0.0030421617090084386 0.9969167466548513 -0.07840759803376 92.02448718755556 -0.9779231195663063 0.013417032046188935 0.20853418350051428 -19.42420637606876 0.20894320123580806 0.077310991614109 0.9748670491365876 9.914743937927609
-0.0021332773988225295 0.9967946918435001 -0.0799737293012003 92.02952378573785 -0.9784723127813754 0.014423379253685049 0.2058738678672491 -20.196164233047593 0.20636745448782434 0.07869125988273323 0.9753051694754755 10.092809342248508
0.00332286106644415 0.9969425165754647 -0.0780678113994015 92.03339826023607 -0.9781650886161928 0.01946332424188207 0.2069163807951939 -20.978021011248373 0.20780318079295293 0.07567564743104616 0.9752389700465858 10.2599373186276
0.004639209865954914 0.996887569061125 -0.07869979873799397 92.03846046698094 -0.9780942730241662 0.02090221123987445 0.20711069712127883 -21.681691962019265 0.20811106345130923 0.07601498658297966 0.9751469229522579 10.420066872415608
0.012471089929176046 0.9969370498701131 -0.07720748960064867 92.0443689760922 -0.9776461255878364 0.028364250288572198 0.2083354810110611 -22.521652675385127 0.20988727650597397 0.07288342692355691 0.9750053084471313 10.60151908800524
0.013653877199487399 0.9970653555467718 -0.07532764661126276 92.05875619230744 -0.9761364695574081 0.0296201164352204 0.2151287793899598 -23.290994122745932 0.21672865021410112 0.07059271561928429 0.9736762166845665 10.777405362011953
0.016946583942337556 0.9972515214861706 -0.07212643152398142 92.07612909947548 -0.974445597522828 0.032632660277191645 0.2222409439573697 -24.06361551769663 0.22398377996016 0.06651705367542957 0.9723202981242348 10.960734770045772
0.02242993819619956 0.9973896515544883 -0.06863517161566139 92.08878199483577 -0.9726244492439119 0.03765307468034337 0.22931218223100192 -24.788597615959446 0.23129790538054396 0.061612783093328474 0.9709300480391827 11.140327769087598
0.022175536819453903 0.997455726309869 -0.0677519413493156 92.11665746671791 -0.9722869573865506 0.03729284401479104 0.23079745774324095 -25.557878562504776 0.2327368909279856 0.06075626662687423 0.9706401134952344 11.34166651122477
0.02372275308373264 0.9976429568191947 -0.06438763571807338 92.1379777873869 -0.9735959286482816 0.037681879610459434 0.2251470494764782 -26.379602966553485 0.22704259820208883 0.057346427607703844 0.9721949702099788 11.546680898236552
0.019667275071379834 0.9978548516934972 -0.06244116575782569 92.15457609859328 -0.9729706762747751 0.03347466902477871 0.22848995571477324 -27.075199557438683 0.23008999092261567 0.05625964401704033 0.9715417967291006 11.721511421524596
0.02261718505995226 0.9979171453974546 -0.06041390402829703 92.17069964459586 -0.9735555901438696 0.035725284912606174 0.22563990590537292 -27.84601297284323 0.22732821760897906 0.0537129502156521 0.9723357520512952 11.919968699442766
0.019918202574823747 0.9980785311354162 -0.05867296507710303 92.19062069275215 -0.9737940621479099 0.03266474825239636 0.22507396332434987 -28.65837819503935 0.2265580112868352 0.05265231201225201 0.9725735015004373 12.122876463646556
0.021798155804109383 0.9982200778857104 -0.05551146230794511 92.20618740176688 -0.9736304263853033 0.03380760083347428 0.225612475634898 -29.407026982341733 0.2270875952630895 0.049129708879286 0.9726343146539537 12.306750725451169
0.018862721255578665 0.9986049399276355 -0.04931914067720561 92.22857754826472 -0.972895486877506 0.02970325140309361 0.22932997773713665 -30.260987153542843 0.23047497014160728 0.043656578378315054 0.9720984546648684 12.522230094377946
0.01728569452212654 0.9986473600702391 -0.049037342177266574 92.24003466484736 -0.9731652099455609 0.028059461324401253 0.22839065436494407 -31.047791905261303 0.2294576681905092 0.043773540744475564 0.9723338263675536 12.719286381354522
0.008948821576211637 0.9990137041041733 -0.04349187904237834 92.24467157728834 -0.9722514070491981 0.018860423429450667 0.23317726333921773 -31.763870366930508 0.2337675392530596 0.04019837554560949 0.9714611893711272 12.89673003438527
0.00012495641915895487 0.999119783169277 -0.04194817283089777 92.24738316973058 -0.9714697373632787 0.010069873909176207 0.2369499889137498 -32.44363248546087 0.23716381655793567 0.04072176865148094 0.9706158230385855 13.067972342776088
-0.00464118480991258 0.9993201907550904 -0.03657351078240501 92.2433410998904 -0.9717661582888164 0.004120725265094044 0.2359103716400259 -33.27558870925013 0.2359006892713287 0.036635800616067644 0.9710863489792416 13.289502741438882
-0.007095022985651574 0.999322754377182 -0.03610677458616642 92.23820019889436 -0.971357705338397 0.0016888965106993223 0.23761630021475916 -34.11429882392881 0.23751633840112282 0.036758483724398626 0.9706878062106828 13.509237217654817
-0.016709285210697918 0.9993590262707285 -0.03165979054178217 92.22871550095289 -0.9703399675943037 -0.008570405777476368 0.24159272682211602 -34.898718702973476 0.24116651690600827 0.0347575989407545 0.9698611419675497 13.706150065148437
-0.025495122552559184 0.9991564959126525 -0.03219163462392183 92.21276132669684 -0.9698663383655957 -0.016916957426673773 0.2430498970914951 -35.5457878477674 0.24230028084852714 0.03741816654952194 0.9694794835230393 13.86830341867681
-0.03539328811058024 0.9988538131545492 -0.03222392033131369 92.188719432254 -0.9677751682816401 -0.026212367995552648 0.2504481695699912 -36.32525016274368 0.24931642527482414 0.040049690785913944 0.967593590623376 14.081554673637264
-0.0460902582590864 0.998545367472957 -0.02797933398221906 92.15480486384064 -0.967606090401207 -0.03766726545098875 0.2496393020968179 -37.121230083776126 0.24822224509100294 0.03857891060709007 0.9679346046906547 14.302095577021758
