1.0000000000000002 2.168404344971009e-19 0.0 0.0 1.6263032587282567e-19 0.9999999999999999 4.705268021997638e-19 -1.734723475976807e-18 -3.469446951953614e-18 6.721206436462873e-19 1.0 0.0
0.9999971919731098 -0.002060675339990774 -0.0011728602723483795 0.8587678969124596 0.0020612767211699635 0.9999978196866427 0.0005118395159484531 0.046516454129833656 0.0011718024083839035 -0.0005142546302000498 0.9999991883399669 0.022240400602965046
0.9999592438439137 -0.007194181016265989 -0.005455304647174046 1.6914498053901617 0.007182210651389189 0.9999718389533968 -0.0022107396435051183 0.051615894993979415 0.0054710546096819815 0.0021714692451202306 0.9999826831211014 0.02777063608365151
0.9998624122512009 -0.011433202726186236 -0.012018501604249623 2.50887426905604 0.011428874618716368 0.9999346714570537 -0.0004287918774710934 0.052336403987422134 0.012022617585403716 0.0002913759184643525 0.9999276903985462 0.029017031983353918
0.9998447016632996 -0.007386444081218114 -0.016000591796617364 3.352698021660038 0.007443625987388117 0.9999661857052121 0.003517114979585627 0.05960010120777698 0.015974070158324395 -0.003635669936281282 0.9998658036186622 0.052312202095973974
0.9997522217308749 -0.009494747714187297 -0.02013332680415869 4.226725881577347 0.009579846288382356 0.9999456398549279 0.0041345011380130026 0.06236761844073007 0.02009297440187214 -0.004326349562409062 0.999788762358555 0.06912012666496312
0.9996455898668457 -0.012414272264276981 -0.023549659065344973 5.021352503005549 0.012408301331673572 0.9999230092992074 -0.00039968929170634045 0.07760557844534204 0.023552805663197486 0.0001073373707995047 0.9997225955650807 0.09558021323230052
0.9995253727161678 -0.009403190334894788 -0.02933624458431717 5.885733721913202 0.009377487386260465 0.9999555917710267 -0.001013624993114652 0.08112595406896057 0.029344470559420605 0.0007380445882640571 0.9995690929580977 0.11806388318101778
0.99956676516178 -0.009499026583315215 -0.027857789147089123 6.67615316510811 0.009553515315996403 0.999952776594719 0.001823498031021299 0.09471164817507362 0.02783914969513947 -0.002088846690047185 0.9996102404052581 0.14924082950275835
0.9996090444937119 -0.00984597727444358 -0.02616908168161056 7.532434985564726 0.00990684869575991 0.999948586612844 0.002197430168445107 0.10984033437803592 0.026146098057424013 -0.002455823024158912 0.9996551229043676 0.18640931945329392
0.9995370590016396 -0.011861236781859127 -0.028017578099058853 8.442390068239977 0.011820117492044554 0.9999288819492697 -0.0016328152400888127 0.11184607579985878 0.028034950284081327 0.0013008891920203002 0.9996061041776305 0.22378523626096428
0.9994848035960539 -0.0143911039024654 -0.028688489803495584 9.370965556708489 0.014365521670222649 0.9998962831860247 -0.0010976690603105308 0.1166948635665555 0.02870130848190714 0.0006849793821290074 0.9995878050246376 0.25676102537351836
0.9993405718714616 -0.01476141431797274 -0.033174206804869204 10.197300950189202 0.014653443042236813 0.9998865977735573 -0.0034954855570023284 0.13186369768997672 0.03322204025379746 0.0030070649799677188 0.9994434790726696 0.29072225575260086
0.9993904789010807 -0.01772345698700875 -0.0300758323654936 10.959842025019084 0.01751439006497148 0.9998207574974441 -0.0072006414533474904 0.14906287385633557 0.030198059141789257 0.00666949318677023 0.9995216902819074 0.3316386610269966
0.999336062545747 -0.01361098461270104 -0.03379617036906546 11.896718073104743 0.013222717692328944 0.999844366625414 -0.011685567324883874 0.17172188671191807 0.033949959748288905 0.011230931829458658 0.9993604358101398 0.36841954124486337
0.9993966185722193 -0.013698655552614503 -0.03191788778481063 12.743879010217576 0.013226742210163952 0.9998008338787652 -0.014949785459405108 0.18589601218355722 0.03211632002878231 0.014518595339897428 0.9993786903053646 0.42101601788779747
0.999165397251056 -0.01957230516690558 -0.035853029785108195 13.571680440706617 0.019002987111450705 0.9996890294994948 -0.01615181100219329 0.19381055326469804 0.03615800568784908 0.015457015906617728 0.9992265476573573 0.46854978942677755
0.9989007967242346 -0.0258239338421924 -0.039119415675371 14.37649790367152 0.025275765938443315 0.9995762507115175 -0.01444316063680386 0.20282420391987682 0.03947581481000478 0.013438511532425805 0.9991301620470578 0.5075558299564129
0.998746462373946 -0.025709994105715905 -0.04294771282374955 15.361470201695036 0.02527850515090279 0.9996247463272818 -0.010560015478362633 0.22662070393536624 0.043203090942549 0.009461124463344715 0.9990215184450233 0.5560485722997268
0.9988435133964668 -0.028883219716722128 -0.03843697832526342 16.299368897967717 0.028613196284292906 0.9995620682106126 -0.007556918179340023 0.24390533023942657 0.03863841047593763 0.006448374456102529 0.9992324584209962 0.5993932892895076
0.9988595365863678 -0.028786014458244125 -0.03809196083500281 17.150834022392566 0.02856744049157031 0.9995722770640932 -0.006270126642616348 0.2675891505465265 0.038256156810151994 0.0051747866153397295 0.9992545733239871 0.643683681564143
0.9990271486902654 -0.027530910440609183 -0.03445012464837087 18.105897798049277 0.027386419264801676 0.9996141385153228 -0.004659220918995399 0.3052957972480127 0.034565101350866566 0.0037112233828610368 0.9993955647534701 0.6964992598943733
0.9990455596819721 -0.027101177956251634 -0.03425641211944713 18.977507462314538 0.027178969198392237 0.9996290253176162 0.0018070958237340479 0.333475789097289 0.034194726543295625 -0.0027364238208200105 0.9994114502649061 0.7388989908851028
0.9989699778499331 -0.02345632176581665 -0.038843149484833486 19.896977271170034 0.02365749482569335 0.999709019629919 0.004727497076631497 0.35776228530962123 0.03872095398458353 -0.005641557845827433 0.9992341441358461 0.782126867177555
0.9989546991938654 -0.024055336799804258 -0.038869726885076165 20.793305877108732 0.02422467004920977 0.9996990416648808 0.0038912304965077115 0.3773634926019375 0.03876442064045688 -0.004828767944157743 0.999236717175591 0.827652757525144
0.998845075211356 -0.021223497616469078 -0.04310550792094653 21.679640375987322 0.021378679867404708 0.9997665872242139 0.0031421865995555735 0.4025205646770827 0.04302875483336985 -0.004060095165914471 0.9990655915124064 0.8776669933194498
0.999056358839255 -0.019515885444469052 -0.038801134214691765 22.727167423321927 0.019635310657790256 0.9998036404966933 0.002699119186333276 0.4259336545584414 0.03874083632326936 -0.0034584432552282676 0.9992433142285843 0.9278624123445426
0.9991460478324068 -0.01803859252677171 -0.03717243896643409 23.785432064776014 0.01825593359023783 0.9998182077265656 0.0055156691922432655 0.4540668872063762 0.03706618329342617 -0.006189575203354789 0.9992936512728184 0.9685968852567585
0.9990398279931613 -0.014301160028362115 -0.04141140958016074 24.752645689375353 0.014505809344601713 0.9998840684963467 0.004645565832321241 0.46822924462363524 0.04134016830410583 -0.00524180992274063 0.9991313868419023 1.0130029947668917
0.9990007442285971 -0.014829326171298748 -0.042161713131611364 25.740176294121895 0.015274431970856497 0.999830828213296 0.010254603928634703 0.48343362855334887 0.042002508237967404 -0.010888351395282377 0.9990581801701606 1.0622533780448693
0.9987654384686778 -0.012556105171562163 -0.04806192964882261 26.685004058901296 0.013193624539840099 0.999828909772487 0.012970338242037223 0.4916324148247891 0.04789084591663957 -0.01358843464519395 0.9987601491752576 1.1123556721904748
0.9986845579140018 -0.011930316479993581 -0.049868098730350405 27.708082535360937 0.012597539503150491 0.9998350788604883 0.0130869132326328 0.505552391306724 0.04970373940626402 -0.01369791152177875 0.9986700755345965 1.1731003292385578
0.998544432802732 -0.013499247605289371 -0.052218693692385076 28.761745512018496 0.014154739879623924 0.9998254199556574 0.012203408084790236 0.5185283758386555 0.05204483635488079 -0.01292478530633455 0.9985611144005556 1.2308561555009563
0.9983783162007105 -0.01641298619370122 -0.054510160177872934 29.817671401185102 0.017242962556690375 0.9997419981573051 0.01479079383123873 0.542937448153987 0.0542533310393571 -0.01570672236866601 0.9984036704674459 1.308473434731546
0.9984527946809836 -0.0178285074685757 -0.05267036219122084 30.841320418599558 0.018870157634764337 0.9996348316960807 0.019346075318738 0.5627411168623571 0.052306212814024554 -0.020310038555398327 0.9984245473215454 1.3742390993536346
0.998460661187073 -0.022290264202326805 -0.050788366008776134 31.91356930591707 0.023190419785876576 0.99958310583956 0.017203754524655092 0.5811680305193561 0.050383712360600554 -0.018355073332202466 0.998561258547033 1.4426456927493962
0.9984931628715621 -0.022296194325411415 -0.05014268995103399 32.94446787152 0.023273543606480828 0.9995487848172868 0.018992607976089763 0.5987151210988944 0.04969659793732047 -0.02013098485101214 0.9985614682440362 1.5144533932449924
0.9983892952421414 -0.021927595939019426 -0.05232591729165388 33.9325566883078 0.022913408515858144 0.9995697538910885 0.018314831032389386 0.6251824551481205 0.05190179990548339 -0.019484293972483826 0.9984621073001547 1.5850176855435438
0.9984103552293717 -0.022315262097068463 -0.0517571017974957 34.92181735164277 0.02383228501414775 0.9992987903595442 0.028880789400691054 0.6536360526469874 0.051076322743891685 -0.030068366062249715 0.9982420131794739 1.6456273958948817
0.9979529416654533 -0.029721694520684558 -0.05662643405923486 35.90179215028545 0.03131636156722807 0.9991316317611167 0.027484870965855668 0.6760430641242585 0.05576036010919836 -0.0292019386287956 0.9980170556058214 1.7104932689274126
0.9978814687796268 -0.02558005664029167 -0.059818399399112536 36.88381867425208 0.027168508887567135 0.9992955229016495 0.025893633445233117 0.7003258531704935 0.05911389344004767 -0.02746395072912481 0.9978733853911566 1.7843619723731097
0.9976933773095988 -0.025737436717800006 -0.06281333586063802 37.93866319405352 0.02733916343874216 0.9993192334293544 0.02477478678189336 0.718166767196615 0.062132930263986114 -0.026434901863727687 0.9977177502678634 1.8646510748250875
0.9976665494578082 -0.031077963380834163 -0.06079162954904073 39.01614115409676 0.03270134187593058 0.9991297671721301 0.02589364419176401 0.7551948509596237 0.059934000242338824 -0.027821187525925842 0.9978145676421544 1.9439463448029641
0.9973895888580226 -0.038548997315546334 -0.06105725822347497 40.13443718922494 0.040206797314620034 0.9988489648743122 0.026159301188437168 0.7975047150151209 0.05997855963875546 -0.028545928419484303 0.9977914193926659 2.0179107978419597
0.9971917194910465 -0.04250384275122081 -0.06166120229161251 41.167999256863254 0.04426393056542427 0.9986423593154056 0.027464392425662332 0.8366617936932587 0.06041014158680192 -0.030116628727724238 0.9977192078570203 2.1038691789991453
0.9971872392206561 -0.04286633916694292 -0.06148245961319326 42.22193480863139 0.04461501501114631 0.9986297066563351 0.027356162714974496 0.8876393318238801 0.06022554734123697 -0.030022254081696526 0.9977332118189729 2.1763267835007087
0.9973772195240699 -0.040379451588851256 -0.060068192931002254 43.19853403062952 0.04223911362975503 0.9986565618599517 0.030017977168421736 0.927458074695433 0.058775380956615046 -0.03247647050750803 0.9977428264418043 2.2475637646264275
0.9974184520639104 -0.04192999134865851 -0.05829505335884915 44.23230568683972 0.043714591509549934 0.9986031024620939 0.029682123604696596 0.9810449546146303 0.056969045468867024 -0.032153838923342754 0.9978580423888753 2.3286966941908664
0.9973990845527444 -0.040005107846934694 -0.059955511987467534 45.278533134661274 0.04207989712410004 0.9985440749375972 0.03375148714492268 1.0287510004774418 0.05851798477266835 -0.036186620570943066 0.997630286333119 2.412311510120482
0.997560951957731 -0.03796756245527657 -0.058571471456391 46.29331256147893 0.03998669306581148 0.9986320095215961 0.03369457160982881 1.0786291935395043 0.05721204098057402 -0.035954464813679435 0.9977144246156309 2.4747114559038104
0.9977019007469967 -0.038419968839668195 -0.05581065470289317 47.37809865590381 0.040182367110034235 0.9987174204265661 0.03080652089072544 1.1215546299309664 0.054555483204559614 -0.032978325306080046 0.9979660032143499 2.544592801197077
0.9980041284893955 -0.03551426389256248 -0.052215922058968765 48.462530952928645 0.037124914579694517 0.9988540779668139 0.03020632162258661 1.1656825589570206 0.051083327329257786 -0.032084542038739366 0.9981788868186088 2.622593854209849
0.9980058002831185 -0.031267118152379855 -0.05483425810452523 49.560908280548496 0.0332083006137294 0.9988405961169615 0.03485430444739717 1.2026486010370012 0.053680885132452984 -0.03660574691850373 0.9978869656044393 2.6946134488395943
0.9975619668764891 -0.03452817792090096 -0.06064596531632808 50.53780692482564 0.03692771787354023 0.9985605529383778 0.038901362283396544 1.2436504032114963 0.05921547084770626 -0.04104603264271728 0.9974010053513471 2.756446573617649
0.9977334372565909 -0.031417215644443115 -0.05950590457656516 51.561828203261776 0.03391149768259187 0.998567861388777 0.04138099498342775 1.2910565753088037 0.05812060365086574 -0.04330513262004706 0.9973698788209516 2.825487022071787
0.9979848591389053 -0.026008736006382663 -0.05787721934428211 52.64456353424164 0.028683859557565236 0.9985351215193619 0.04588025188080084 1.3403070102697412 0.05659914441548009 -0.04744793436351548 0.9972688928445386 2.922703302577514
0.9982453347513646 -0.028363905776689097 -0.05197832658333606 53.7044762579238 0.030924403921769542 0.9983132517534875 0.049137387343160435 1.3822655569345952 0.0504969199658713 -0.05065856183663974 0.9974386123696558 2.991929433723285
0.9984515850870531 -0.02639429686484727 -0.04896712436255524 54.698663103591294 0.028874412894868612 0.998298926553428 0.050652460371640534 1.4027604393605384 0.04754688777718349 -0.05198792161342449 0.9975151947355595 3.0584058253447926
0.9985307077908111 -0.02285906925164866 -0.04913140024370025 55.697023863818096 0.025542293520735313 0.9981762780912941 0.054697891339270666 1.4439251487837055 0.04779145149152282 -0.05587244782571148 0.9972934678406338 3.1134587686500987
0.9987584045800071 -0.02681537109648514 -0.04198322393448683 56.660614842635574 0.029245225160764395 0.9978663545619205 0.058374698783380134 1.4733998611631725 0.04032830408773458 -0.059530024626468496 0.9974115591453109 3.1703932332227374
0.998625714750188 -0.031196920985500195 -0.04211222980176723 57.71485273955546 0.03366468450404091 0.9976771053025483 0.05922189453083958 1.512215633991317 0.040166863456107094 -0.060558196374652276 0.997356176193464 3.22003347154607
0.9987546774171367 -0.03199461871866951 -0.03828112653272283 58.75649059316836 0.0343393506020029 0.9974698798953734 0.0622478748327419 1.5442956270567472 0.0361926706400455 -0.06348489965598728 0.9973263118793723 3.2785606672255607
0.9987869272627955 -0.03592393902924662 -0.033677150588229864 59.73373903381051 0.03815443205078285 0.9969478405088147 0.06811308860375914 1.5763239756335756 0.03112746945101593 -0.06931538909369896 0.9971090570943911 3.317864042708014
0.9987168024978287 -0.03645635435762177 -0.0351523622768194 60.79167525295384 0.03888349841572085 0.9967158788147562 0.07103295495002922 1.6174335520033085 0.03244731232923476 -0.07230864631715607 0.9968543754479339 3.36473106628827
0.998706249398393 -0.03473941379554439 -0.03713497650346396 61.78183573178506 0.037297738365599194 0.9968087566738757 0.07057854879879079 1.6613273728203348 0.034564609440726625 -0.07187228228296079 0.9968147656776304 3.4169709038294407
0.9983217122021606 -0.035694951737538456 -0.045603018588436746 62.71452734102053 0.038878155228979874 0.9967229394784027 0.07093674071293234 1.7004968204956994 0.04292148770425034 -0.07259064351711667 0.9964378348027165 3.4614402937775908
0.9979276320872138 -0.03917862836609148 -0.05104392357895642 63.689141189427254 0.042947777960840906 0.9962607512893293 0.07496768655959486 1.746621423887344 0.04791592267611839 -0.077004542548133 0.9958786969507633 3.509859310316716
0.9973847364327101 -0.04118345980498859 -0.05939373795039758 64.5697123303419 0.04572695102297628 0.995959894092857 0.07728573948754974 1.7771430644394919 0.05597088239850321 -0.07979950477668432 0.9952383200119607 3.5661537474198357
0.9978127037588044 -0.039564371229112494 -0.052957291140743226 65.5201787946568 0.04382197817194644 0.9956840188782367 0.081811484517949 1.8253259632392407 0.04949190457053978 -0.08395322484971687 0.9952398814751219 3.6284611564631444
0.9975585511820314 -0.04885052227190977 -0.049905604650618524 66.4562552616022 0.05269917927257288 0.9954838309481648 0.07896131359224352 1.8788164796671107 0.0458229174073363 -0.08139851119752227 0.9956277200210972 3.685329881811113
0.9977321628751359 -0.04923350486836936 -0.04589770256837802 67.3997153500718 0.05280707991272619 0.9953784592967458 0.08020776333109764 1.9289452824368285 0.04173667176347943 -0.08244958196522158 0.9957209101566407 3.7376335314869964
0.997790370407493 -0.0506389939108809 -0.043012497671576215 68.28762519989571 0.05400200329950278 0.9952497708275765 0.0810051080287351 1.9843506010439835 0.03870615809646961 -0.08314887086606579 0.9957851740503122 3.77943191757964
0.9974443567359363 -0.05573995766433031 -0.04469696044909904 69.17666067076362 0.05930601199628849 0.9947929086387215 0.08288556015771499 2.0276848618296297 0.03984417842135809 -0.0853245256303902 0.9955562169115197 3.8205045397112682
0.9975018253141009 -0.056105645999267234 -0.04292168356690057 70.07847035230256 0.059450202844979656 0.994932598507411 0.0810860532300802 2.0861003553989965 0.038154793628565414 -0.08343518195633828 0.9957825045633085 3.871052437619307
0.9974441851783364 -0.05709194347656956 -0.04296060267463798 70.90554449707243 0.060339312630649365 0.9950838578265283 0.07853300875290692 2.1466803492358113 0.03826579700334864 -0.08092449939554473 0.9959854258153481 3.916957349684041
0.9975604747250321 -0.0544984180169485 -0.04362370500306219 71.72016057625774 0.05787411373310517 0.9950910054454507 0.08027844082080586 2.196040650461778 0.039034505246172 -0.08260727591688106 0.9958174328786779 3.9690431777260455
0.9976324791487963 -0.05512924819699541 -0.04111214515001851 72.51047161980027 0.05832710130378088 0.9949949780590436 0.08113626260946581 2.2468061631538894 0.03643339378631386 -0.08334211613526625 0.9958547653923279 4.00482411287809
0.9975122138481468 -0.057774340909364154 -0.04039201275540812 73.34851663363447 0.06093017696989122 0.9947811407676963 0.0818422001585295 2.301305982459823 0.03545283041021547 -0.08409967976119898 0.9958264682861515 4.044540496069946
0.9975425419048186 -0.05855170339201859 -0.038478319325845854 74.10672850604578 0.06171285557084675 0.9943057693548136 0.08687756157072038 2.349537269123728 0.03317238290303732 -0.0890386632260951 0.9954756268853323 4.089340743171212
0.9971213943821534 -0.06032223554335899 -0.045936463758294355 74.79991911805851 0.06422501394798129 0.9939722144761838 0.08885119387010708 2.398475503965288 0.04029986267790967 -0.0915456888306528 0.9949850864128386 4.120936016444534
0.9965769540473913 -0.0630127436535181 -0.053514247981775585 75.619889203671 0.0675661769415719 0.9938228925671747 0.08803987825050968 2.4547199928121954 0.047636046642247215 -0.09135425934281427 0.9946784508671759 4.1639194043005165
0.99628369397791 -0.06026083691661824 -0.061542169168908006 76.44202831604882 0.06568245235605118 0.9937510666656271 0.09024845246802735 2.521772952133449 0.055719144604064144 -0.09395529450502804 0.9940159927377257 4.217745736668794
0.9962886351653315 -0.05836837442589958 -0.06326210750089363 77.22457548067729 0.06398429494364542 0.993818771484278 0.09072160528504511 2.5696331448102057 0.057575792822517374 -0.09443267793159717 0.993864936336335 4.274570078600627
0.9965138082428243 -0.0543300816776431 -0.06331254334221394 77.90120368200087 0.060085826472362144 0.9938639563261046 0.09286700163355426 2.6107237296461627 0.05787857849202747 -0.09634742809387391 0.9936635534781073 4.325299757267751
0.9966026965101137 -0.050435446724272984 -0.06511019091255037 78.52582506849835 0.0563918009475524 0.9940544561724536 0.09314425998970469 2.6486453419927263 0.06002529836520515 -0.09649949372985171 0.9935214268073697 4.371742291642775
0.9966631498774551 -0.0451121577925437 -0.06802547194856906 79.05463528460062 0.051272189660588385 0.9944649395293683 0.09171039654100899 2.6776435843475097 0.06351168802403497 -0.09489217984288435 0.9934594878243925 4.411217129149234
0.9965260334909395 -0.03781973219974268 -0.0741993151540503 79.6598005835605 0.04463938906045719 0.99471011673764 0.09251626248152404 2.7064451614732596 0.07030786373503295 -0.09550706839132136 0.9929427065262187 4.4588572337728065
0.9963285887014484 -0.0332459804746161 -0.07889267429005384 80.31018996995049 0.04083973530059129 0.9944772732523025 0.0966810179129961 2.732657247957934 0.0752427105873921 -0.09954800999243242 0.9921838249383576 4.512272392745172
0.9964682629387891 -0.0296444862628231 -0.07856342232960709 80.95729113022487 0.03724425220240348 0.9945770015640979 0.09710614737030088 2.7526949492914294 0.07525870537027787 -0.09968922182333392 0.9921684335724194 4.572601809001509
0.9969095896404211 -0.024239349042515346 -0.07472436001155626 81.61511899105547 0.031311282752217146 0.9949875427605961 0.09497127746372487 2.7772422618989934 0.07204775983929865 -0.09701748491803175 0.9926715177648741 4.636841875543126
0.9971582593873739 -0.019778755303006587 -0.07269258911595462 82.16195714500297 0.02668866183173188 0.9950860237201841 0.09535025404179673 2.7924995153839616 0.07044946465369756 -0.09701935339225091 0.9927860455589903 4.679996877718405
0.9972674601265974 -0.02026007918766278 -0.07104328330060422 82.75671308582886 0.027235504864417146 0.9947509880789374 0.0986349289562713 2.8108462835095156 0.06867201945407554 -0.10030029664642495 0.9925845145356837 4.734546818211334
0.997564285878075 -0.011231498424102078 -0.06884297293036207 83.31460462855158 0.01813485010473958 0.9947730676714478 0.10048791602310267 2.8253874524294567 0.06735450024908052 -0.10149160498022343 0.9925536961162533 4.778000395838209
0.9976391950313773 -0.0036183494367679355 -0.0685780578805925 83.81209229477116 0.01046104257794571 0.9949641071546012 0.09968521596345384 2.831056235604105 0.06787200489006993 -0.10016726848961964 0.9926529723598433 4.824591442983859
0.9974964694554741 0.010420242198035085 -0.06994439158770067 84.29984493383655 -0.0032755770972008216 0.9948307397126032 0.10149492665648628 2.8228999405837665 0.07064042703502608 -0.10101171460334216 0.9923742126035435 4.870832140026435
0.9970858458114658 0.02168426296098886 -0.07314106070086437 84.79242387610321 -0.014376027754903995 0.9949831445236557 0.09900516228590783 2.807783960858906 0.07492097072429175 -0.09766516014471328 0.9923952735170287 4.919466901599584
0.9966932708759306 0.03691543080686624 -0.07238632949084513 85.26310200717626 -0.029763791435551617 0.9947903354476894 0.09750105352613066 2.7928811236568274 0.07560850850792819 -0.09502414461992734 0.9925995061653811 4.964004785439417
0.9957104604696241 0.05985584677565191 -0.07055467706902067 85.70147433533644 -0.05299424434615284 0.9940268152193449 0.09540676553849496 2.7630537974547615 0.07584388776258212 -0.09125851520994949 0.992934842952967 5.010931317492909
0.9937110533325785 0.08894875977696377 -0.06801813403036175 86.26685073482153 -0.08226865065269466 0.9920337364898719 0.095399606944573 2.719621265553935 0.0759619544128528 -0.08920387651991304 0.9931125133412129 5.064776748061234
0.9893968149747578 0.12811301603768424 -0.06841786007840175 86.77346672985415 -0.12161515152346206 0.9883108252945838 0.09193268050543921 2.650505635763371 0.0793958784907834 -0.0826372460747638 0.9934119962528923 5.120020713703805
0.9837645792252474 0.1661897236569091 -0.06773650678022139 87.19688041966192 -0.15995201943186574 0.9831065026581219 0.08897812163917214 2.572564895653853 0.08137944331320691 -0.07669892700199968 0.9937276664469372 5.16567135099744
0.9769605175787642 0.20199852758197648 -0.06888213037589425 87.61658041998396 -0.1954573954683014 0.9764542583514318 0.09128876230705668 2.4763025237502605 0.08570043834540896 -0.07572198842472738 0.9934392933620609 5.211626659367951
0.9671627989681879 0.244892421066047 -0.0679987377427385 88.03165955400829 -0.23842122636304414 0.9668851603929456 0.09104150510015287 2.3615364340227507 0.08804233809078361 -0.07183960850692912 0.9935228389988728 5.260378634464247
0.9532897302874453 0.29480802244231324 -0.06577937344120574 88.4544690195955 -0.28837763050764686 0.9530678530454668 0.09219631193030796 2.2203667965015796 0.08987241148431875 -0.06892049178546295 0.9935657651737725 5.304165234064844
0.9372125107922517 0.34173639749050616 -0.06963440373026725 88.81393584200673 -0.3351260045734798 0.9377225096978787 0.09147243346483513 2.0609786426338528 0.09655720006344094 -0.062392804335561255 0.9933699508956136 5.344827075565838
0.9171850122863401 0.39192656542889137 -0.07186951013186664 89.15852071055167 -0.38543106992334963 0.9183895668487042 0.08946308769901999 1.8901016639257406 0.10106716096790494 -0.05435345642244741 0.9933937512427393 5.38891593157538
0.8920925427894357 0.44593523404891455 -0.07288805163669954 89.48132915862082 -0.4396026621760908 0.8938473341077371 0.08824167346348678 1.7086862349382461 0.10450085366080025 -0.04667795333238011 0.993428786836865 5.430825022179246
0.860224231942829 0.5044197048467215 -0.07466617761002366 89.7916475102473 -0.49778530185041986 0.86245776147809 0.09152351144563704 1.495008853353086 0.11056267826516962 -0.041563013014077554 0.99299971016276 5.479869146736889
0.8316972658947261 0.5502174860178451 -0.07443374182193857 90.0744322503223 -0.5436025973638992 0.8342219358847779 0.09257498607791935 1.282124538373219 0.113030627334388 -0.036531984268663 0.9929196874214399 5.525308742912502
0.7970338872100735 0.5995230643295903 -0.072863460759376 90.37420782402008 -0.5930851987853735 0.7997639730265973 0.09288533064955405 1.0310716367565618 0.11396045985781163 -0.03081851335111093 0.9930071737319548 5.580945600769077
0.7592400176369642 0.6471092460100508 -0.06931251896375647 90.63853881718902 -0.6406348308098546 0.7618778748802645 0.09554720059013559 0.7776552130654943 0.1146371424360517 -0.02813924196058125 0.9930088231709129 5.624896879426807
0.7207089775640761 0.6901729311927213 -0.06511451946813894 90.8656571490598 -0.6840502870184173 0.7232547972118383 0.09475153486637702 0.5309395927632522 0.11248932410815474 -0.02374667401506381 0.9933691467396267 5.669438815017322
0.6748467292415732 0.7350850984462861 -0.06505225601268759 91.10244111473462 -0.7291883059285156 0.677780816083421 0.09432777992640408 0.23599150871050445 0.11343010745329951 -0.01622144793281318 0.9934135541703654 5.720225367116929
0.634454302015978 0.770439794420683 -0.06237201106754233 91.29025941292637 -0.7646256568084021 0.6373844049292332 0.0953355942068742 -0.0281482697774863 0.11320527365208638 -0.012794836783280946 0.9934892412242555 5.762034767248915
0.5906313708582219 0.8047527470286254 -0.05939365156474694 91.49279967874395 -0.7986221685977073 0.593498431244505 0.09981179366216135 -0.34202009617246154 0.11557384487631855 -0.011518888688659143 0.9932321057251344 5.8091473315828495
0.5484230330564989 0.8344108842543134 -0.05468691789835387 91.67922524266297 -0.828506485590997 0.5510649358308621 0.0995218069110174 -0.6583786462761632 0.11317811268171489 -0.009271584245821357 0.9935314624080505 5.856436049910301
0.5047563888576151 0.8615032469577857 -0.05507403496012183 91.85135490950583 -0.8558883750173588 0.5077462179731042 0.09822941445211354 -0.9989329486898592 0.1125885833646928 -0.002444697971962826 0.9936386911785688 5.9084689884260095
0.4651705967142716 0.8836252833986796 -0.053128903896726344 91.97531302500164 -0.8779581635103039 0.4681947971352393 0.09991619128328297 -1.2764034976742877 0.11316314008524238 0.0001668805969226063 0.993576413838521 5.9450663184954085
0.42787198539555715 0.9023298741308315 -0.052214636864367635 92.11639934819794 -0.8968574325353141 0.43102443574807736 0.09932185919356817 -1.6055134702526546 0.11212685603422955 0.004332043753826659 0.9936844649143388 5.992262402233886
0.39687933926631513 0.916227614897403 -0.05489766571654228 92.26199522754501 -0.9106339993608741 0.4005410474611222 0.1015516554577893 -1.9591106949607875 0.11503319033086884 0.009687926231444814 0.9933144131980255 6.042510352407353
0.37204513265420786 0.9264330216585024 -0.05748288081842782 92.38837661614372 -0.9206568134155344 0.3761942305355081 0.10425489457479495 -2.3038781182070904 0.11820989563146099 0.01413447871736329 0.9928880356543174 6.089404701248318
0.34150877721720935 0.9381742031056574 -0.056576723560551954 92.50233305532421 -0.9319504517723592 0.34581614327747257 0.10899403978860872 -2.649142273225211 0.12182053101983248 0.015504280615597107 0.9924310503828164 6.133957445500269
0.3122032292233125 0.9483955804533222 -0.05545243526949676 92.60417549851331 -0.9416549866093298 0.3166548903937459 0.11408644443122311 -2.993685718960535 0.12575835448271921 0.01659890450297595 0.9919220367077249 6.181476060128515
0.2839691220925927 0.9572851130416489 -0.054467935383817175 92.70403448418514 -0.9498805763938577 0.288608116563338 0.1201349069291941 -3.3757168290982853 0.13072323583973122 0.017623428372748915 0.9912622582562507 6.236050182260001
0.2581154807650051 0.964499834352676 -0.05582538903838053 92.78713877703828 -0.9565253565551292 0.26324760994772933 0.12553919046792483 -3.726141177426867 0.13577841793276582 0.02099478995292166 0.9905167612301212 6.285850565837225
0.23579627006520718 0.9701344769823844 -0.05691415932461184 92.86748434254453 -0.9612222097084995 0.24144729902913914 0.1332486982078762 -4.112734782146565 0.14301091496596166 0.02328760607462662 0.9894471081686038 6.345290330156644
0.21444389181525955 0.9751106702567411 -0.05632942350805886 92.94137597748725 -0.9650482666152521 0.2204202760657012 0.14176351865507594 -4.4902988894205365 0.15065125501458365 0.02396028990024549 0.988296573974497 6.406892692381896
0.19566111134076755 0.9789955283590788 -0.05731047809955763 93.01270637809736 -0.9681834565159461 0.20213601872306142 0.14751940442896322 -4.877342395887266 0.15600533702313021 0.026623243999153487 0.9873973627464084 6.474813714363937
0.1734039388759743 0.98324709039541 -0.05618041606675793 93.09447145659898 -0.9728498875147455 0.1798902108793385 0.14561167058922447 -5.352021454931608 0.15327854639454305 0.02940547183589497 0.9877454225156328 6.554020188276909
0.15923409408790307 0.9857617577727777 -0.05402097861853864 93.15746603808148 -0.9757196273099529 0.16547535751620807 0.14348959947139217 -5.80246133139595 0.15038568882317105 0.029860890305068187 0.988176343618218 6.628132894272151
0.137738018525223 0.9889058434295882 -0.05561903470698395 93.21084733243772 -0.9793491853159074 0.14436752483025583 0.14153918614611496 -6.222265448209204 0.14799849908040208 0.034975126462722064 0.9883689589713783 6.697310775800054
0.12416668044364211 0.990832202662041 -0.05323708832826301 93.26310306214769 -0.981214965114396 0.13059097898985642 0.14199767132413085 -6.715067569180974 0.14764813741612118 0.0346056454770675 0.9884343635659208 6.7727237708736805
0.10909296121482169 0.9927086085813362 -0.05126743800957147 93.31291539651843 -0.982857425361919 0.11543459621338385 0.14375773240922796 -7.1865835001918175 0.1486275629363597 0.03470562256706322 0.9882840591434895 6.851360168336504
0.0987172843125963 0.9938615439455791 -0.049941317385828556 93.36796792678746 -0.983806457547136 0.105017122462053 0.14524602678832843 -7.72192329125633 0.14959912223289984 0.03479429436969516 0.9881343400397348 6.9290928745561295
0.09269485417878255 0.9943648092723271 -0.05144216196622689 93.42528131541506 -0.9843818811510149 0.09928521032154519 0.14537850354315138 -8.299435189893385 0.14966670216904504 0.03716288995493999 0.9880378596649729 7.02368870010805
0.08367894749830941 0.99527464916609 -0.04925659763999549 93.46950419121356 -0.9849785822232082 0.09010347504529216 0.14730480835930473 -8.87404938441691 0.15104692033330863 0.03619037941781285 0.9878639068994874 7.116463072734404
0.07870372293315354 0.9954502864670061 -0.05370714205199704 93.50917658609391 -0.9848213406780891 0.08599777310660911 0.15076955987587676 -9.457044804696515 0.15470228418534343 0.041025810659325646 0.9871089607469298 7.2186526450194295
0.07404201317596446 0.9957269935564377 -0.05518641613734727 93.5618084790286 -0.9853118526637579 0.08158197105286674 0.1500169497719932 -10.094815888489094 0.15387813104307718 0.04326826947778601 0.9871420322843054 7.329426901949288
0.06649041163433973 0.9962970885567259 -0.0545081868370591 93.59697903229078 -0.985638575009867 0.07408155867377335 0.15175200933244193 -10.735579474168517 0.15522812448978748 0.043635314523031536 0.9869144861400914 7.437248371485541
0.05937719226280339 0.9968235238009472 -0.05307746578563148 93.63950566607645 -0.985820330527291 0.06691564711652455 0.15388541941811684 -11.438880967073592 0.15694830686543906 0.0431875572428835 0.9866620891322246 7.5577473558664705
0.055610871098877836 0.9968771383968713 -0.05606610290956081 93.67080203471258 -0.9856796374592875 0.06376600117691726 0.15610797420850342 -12.069368081185893 0.15919556948570335 0.046581911828203586 0.986147509455788 7.667475050202166
0.052953807579271095 0.9970126116472252 -0.05622946218321208 93.70648210707394 -0.985233789536295 0.06134332886332801 0.15984844753505456 -12.736547776429306 0.16282020797145835 0.04693457841999403 0.9855388066859518 7.779190162348001
0.05000359445549389 0.9971836059027399 -0.055897250366328644 93.74900138469759 -0.9852846289854482 0.058411142446262665 0.16063153034999106 -13.479024919525425 0.16344413830297705 0.04704254391968738 0.9854303765235082 7.915309768250185
0.05392399621320524 0.9970665106386127 -0.05431925932407246 93.77760668263821 -0.9860067745083555 0.06176154999356705 0.15484282929949114 -14.169227424931321 0.15774342895262128 0.0452094099040718 0.9864446939072138 8.035924008989188
0.05589671931214956 0.9969462731115198 -0.05453156184601717 93.81954990839893 -0.9857699377330598 0.06377746914862292 0.1555320369255353 -14.921079351855465 0.1585349573039372 0.04506184009095529 0.9863245470632663 8.176715168628869
0.055282599102219755 0.9968351895003943 -0.05712657129911136 93.8606135593845 -0.9855259197826624 0.06365955475348446 0.1571186581682001 -15.663254151231847 0.16025804709925465 0.04761378512906738 0.9859261128831701 8.310696872671148
0.06010073490130405 0.996593941099923 -0.05646613290656667 93.89445520484122 -0.9849335311845383 0.06839688392489039 0.15883310623787342 -16.37571825518563 0.16215420634115554 0.0460693975753506 0.9856894228062993 8.439592256585417
0.061501820515104395 0.9965462743374026 -0.05579475885552331 93.93649455429546 -0.9846114363015278 0.06973686620381879 0.16024119075869223 -17.128999290422218 0.16357870065802654 0.04508102908405807 0.9854997330121685 8.578030754809708
0.06441305543488021 0.9961793519298311 -0.05897171369716874 93.9888502825864 -0.9845610980099981 0.07307767822274003 0.15905737156878624 -17.891441355667542 0.16275917268250875 0.04781588008890805 0.9855065233565579 8.722373925095676
0.06827983250256398 0.9961240663560371 -0.0554501112524708 94.04904755952411 -0.9847425112388006 0.0762082535458361 0.1564437242910194 -18.775379486066033 0.16006310255897904 0.04392212698385778 0.9861291316149772 8.880925794057925
0.07365699597589881 0.9958416979600926 -0.053609378712519994 94.10130775861752 -0.98448060834847 0.08119218618859952 0.15558248907634986 -19.516777784952502 0.15928818042998877 0.04131765165747574 0.9863671433579467 9.008901551361559
0.07767259820391972 0.995357568754954 -0.056835585231927575 94.15830472058761 -0.9825496291325679 0.08608786335806382 0.16487952053953497 -20.256289956426077 0.16900691978491827 0.04303715898458662 0.9846748083863275 9.139400234425441
0.0773677447256725 0.9954892494507719 -0.054912587283593176 94.2160140057934 -0.9816844939090156 0.08568113084368333 0.17016006715853751 -20.995573861562473 0.1740974767458831 0.04074193152502263 0.9838852462892347 9.266203930014541
0.08298659791219493 0.995162213416745 -0.05258706583011541 94.27713038833261 -0.9809886325915682 0.09086604138708443 0.17147832361035173 -21.7723935657854 0.175427113108545 0.03735690806080992 0.9837834129857237 9.409245714315778
0.08101409675578924 0.9954549229643508 -0.050062145489965 94.35152753663466 -0.9806246364104783 0.08859387418405924 0.17471862562797164 -22.58599285221245 0.1783597017584489 0.03493749869883209 0.9833449050219396 9.572906166698855
0.08037869329498927 0.9955730304980152 -0.04871973468076791 94.41914355415355 -0.9808887545629215 0.08769278247677165 0.1736875853160874 -23.372517493906763 0.1771910311762671 0.033827855923623716 0.9835949516409703 9.73366734947531
0.07859142752915556 0.9958318533316891 -0.046285130950221395 94.48173000243933 -0.9812013594250063 0.08547875783014641 0.17302434638450603 -24.159312861123592 0.1762595375054309 0.031816800369443066 0.9838293962430293 9.877866869014952
0.07616331033194353 0.9961191202964027 -0.04411183829061348 94.55368559143946 -0.9814623974557389 0.08269907295478242 0.17289469607915472 -25.0533488021986 0.17587170719790637 0.030125875629287948 0.9839520254992943 10.045679909265145
0.07538264530339217 0.9960887975723904 -0.04609305887038288 94.61895401595287 -0.9817692327370504 0.08222894947540027 0.17137013665900422 -25.806042811570933 0.17449004377426686 0.03233441011379706 0.9841279006336261 10.192825811752284
0.07343901557214273 0.9963466465585933 -0.04358987062858394 94.67929878097351 -0.9824283718845924 0.07979470411526335 0.16872299644920097 -26.636654803222168 0.17158481934589032 0.030433072300501587 0.9846991886559527 10.356329425742906
0.07014361476407549 0.9965910376696927 -0.04343020702748971 94.7302504445134 -0.9824292870166087 0.07656431333169365 0.17020796736796662 -27.442265588177758 0.172952925509535 0.030728102639694447 0.984450650629659 10.501996704327645
0.06367165556624228 0.996857336268689 -0.047131489928963634 94.77896952704751 -0.9817582140132894 0.07104563656050848 0.17636177863301017 -28.17831296932867 0.17915600584723346 0.03504247804804899 0.983196401824386 10.635949725353461
0.05192946968732009 0.997678836023424 -0.04404856714032517 94.81660557483565 -0.9823538384189751 0.058968308518334664 0.17749316875148585 -28.899925511703675 0.17967863374257215 0.03405415003417667 0.983135757513251 10.769464022780934
0.05012883213737424 0.9979688001594826 -0.03931132196914259 94.85648395692242 -0.9825640119980692 0.05633458984047806 0.1771850065135705 -29.72221528995725 0.17903968184538224 0.02974381023861672 0.9833921457569684 10.929610007378647
0.040801999173341805 0.998476839510285 -0.0371376327084439 94.88509296495266 -0.9829407767298765 0.046783001873659746 0.17787335493774004 -30.537946543596572 0.17933982148437808 0.029246502541141247 0.9833523706069781 11.084348474710396
0.029786213933252533 0.9990289913604415 -0.032463237962924364 94.9090770877418 -0.9832035763284535 0.03513416236508321 0.17909904619872746 -31.289818622793838 0.18006569437712888 0.026583286817982353 0.9832953212691171 11.224874493646567
0.02401272430772695 0.9993006375125773 -0.028664104319752567 94.92817880817476 -0.9830620143036874 0.02881419049462098 0.1809943885283946 -32.056279620240055 0.18169372691842892 0.023832421625474012 0.9830663352680011 11.376312070306383
0.015077792743370665 0.9995383973978842 -0.02637533376912709 94.94201632652383 -0.9828169427955021 0.019668518341567222 0.1835324400747766 -32.82570138507787 0.18396647071582614 0.023154858693521827 0.9826597602581206 11.531225986593439
0.0037354989010197795 0.9997362961259111 -0.022658115424291855 94.94898500183544 -0.9830081310618598 0.007829483809291443 0.1833953752661194 -33.56874836150099 0.18352440053673094 0.021588036459550115 0.9827780855049403 11.67566232741307
