1.0000000000000002 2.168404344971009e-19 0.0 0.0 1.6263032587282567e-19 0.9999999999999999 4.705268021997638e-19 -1.734723475976807e-18 -3.469446951953614e-18 6.721206436462873e-19 1.0 0.0
0.9990476149510699 0.04357851456297445 -0.0022168862620634893 1.0015462036530802 -0.043581557653799174 0.9990489658700513 -0.0013444539529035569 -0.038623681615319205 0.0021561876628506307 0.0014397898893120963 0.99999661908367 0.01600556636234541
0.9969851858848995 0.0774146404935582 -0.005258423617486627 1.9066345296069576 -0.07741711060416887 0.9969987536919294 -0.0002684258240986737 -0.10241970985911258 0.005221860440688859 0.0006747095905477867 0.9999861185333723 0.02016293592912683
0.9930378350182466 0.11742522569553145 -0.009344145132767937 2.8228296144864014 -0.11741011113633036 0.9930811822278403 0.0021511015529344503 -0.19331346829787927 0.009532086597740417 -0.0010390269371788096 0.9999540089759379 0.03582161695953359
0.9875397983329227 0.1572766235094169 -0.005417458969161531 3.6391032189575756 -0.1572651484550729 0.987553290065217 0.0024836047895705877 -0.3175209800557565 0.0057406410083475235 -0.0016006798969802035 0.9999822214337681 0.061408859009146256
0.9793574373223597 0.20212285617790607 -0.0023450858195173136 4.4771269045213895 -0.20211789697560975 0.9793587577764897 0.0021852273633032712 -0.48121630865342696 0.0027383635497360763 -0.0016661337056482516 0.9999948428279405 0.07573577388488155
0.9683321601907756 0.24964970500379974 -0.00282679808565702 5.286016369618384 -0.2496436167402104 0.9683349695169129 0.002333958338938103 -0.6847317272850688 0.0033199581689487704 -0.0015543537283904591 0.9999932610678816 0.08316190476726225
0.9574771278082497 0.28846996806517394 -0.004771341968204541 6.124853469381357 -0.28845702456084477 0.957487426135257 0.003220202535033717 -0.9329751487188487 0.005497430155504888 -0.001706942100479522 0.9999834123270663 0.08526623289702044
0.9462686607454754 0.3232725627011343 -0.008402996563180828 6.93912532760266 -0.323251986709272 0.9463055475967065 0.0037362556373797336 -1.200251756514637 0.009159629340123897 -0.0008192153338890857 0.9999576943028744 0.10531751385143376
0.9313625013930544 0.36395689275703874 -0.009970439767086869 7.887651900044751 -0.3639702398764792 0.9314104397027101 0.000503216697016222 -1.5480151080552709 0.009469718949948556 0.0031602667497971112 0.9999501474853693 0.12421368320669296
0.9151692914223493 0.40287226630450035 -0.012619173341616937 8.634344536976458 -0.4028679954424485 0.9152532110137273 0.002988964239736849 -1.868728153677266 0.012753907475548294 0.0023484533643112152 0.9999158879274963 0.1431687099858691
0.8968166361248312 0.44209811568615803 -0.01641084190787839 9.433934159708054 -0.44213235661243716 0.8969482543442596 0.0016745731096305993 -2.2427113867383874 0.015459999106605827 0.005753979418830245 0.9998639109735904 0.17155701063310108
0.876234357696846 0.48161873214532785 -0.016027654037861484 10.348578396436135 -0.48165436100666104 0.8763593998300241 0.001809636097783126 -2.7274248032386765 0.014917537420605823 0.006134124289707414 0.9998698914936062 0.20199434599825147
0.8529303175902847 0.5214791151309149 -0.023865126717632523 11.05582665756656 -0.5216449490846873 0.853162238381343 -0.0008590835535818302 -3.1599003092779445 0.019912827837583823 0.013181860699811278 0.9997147984074928 0.2239655477267697
0.8248842478234216 0.5649292762242104 -0.020518991525226286 11.844616226097623 -0.5649280756716635 0.825115261817221 0.006408585194221968 -3.686650786420232 0.02055092741299672 0.006305413433828724 0.9997689040287393 0.24821447630415275
0.7983858504305179 0.6017409708895388 -0.02209018426561027 12.6101554194997 -0.6017242827088526 0.7986624257617461 0.008137149676748934 -4.248122141090005 0.02253905325369385 0.006795615031407146 0.9997228470999873 0.27943319945033374
0.7747542846348284 0.6319889875415865 -0.01859721811912736 13.416399511101147 -0.6320587290508426 0.7749161406340332 0.002594984676327043 -4.903595310997193 0.016051283531531506 0.009744058159420345 0.9998236694270188 0.31143533954863006
0.7492911507359489 0.6619452968165728 -0.019782161329123134 14.15254596313823 -0.6620158046209051 0.7494808528470147 0.003677169812303732 -5.536177355954053 0.01726043358669625 0.01034083215361653 0.9997975319742004 0.3406865728268109
0.7214134782882049 0.6921405997497267 -0.022452660818642646 14.839858491556301 -0.6922221063174334 0.7216660297984773 0.005166516267334619 -6.199246142551692 0.01977927520437562 0.01181503301479492 0.9997345375579365 0.35985015882007104
0.6919254689549871 0.7216247210141121 -0.02229452597300723 15.510281427209275 -0.7216731450356878 0.6921959728548694 0.007252780693051702 -6.875248748026045 0.02066596379395452 0.011070976324159433 0.9997251180912827 0.3902380908092412
0.6648516282070339 0.7464748038165477 -0.027346264701738995 16.194385058733538 -0.7464883080255137 0.6652945571417198 0.011762404039578208 -7.626919613638481 0.026973655607958887 0.012593412539054057 0.9995567958764007 0.4302052130318785
0.6326572832591536 0.773834967739283 -0.030403011343041898 16.79683714073026 -0.7737366081376724 0.6332651530871587 0.01751864843785525 -8.352666614774535 0.032809706160311675 0.012440621450982948 0.9993841675944838 0.47203912437102324
0.5994629418119849 0.79968303893648 -0.03393165317328586 17.353700164279353 -0.799359148215654 0.6003071471192745 0.025617908022392288 -9.087081009722674 0.040855615524670076 0.011766589977584316 0.9990957543495678 0.5059258179057635
0.5691230095553151 0.8214397936463628 -0.03654865065302122 17.860197874726733 -0.8210378426480567 0.570135703033829 0.029019596756820847 -9.78884357599557 0.04467553694316233 0.013492103945820223 0.9989104163281548 0.5397621898172891
0.5383761869539696 0.8419148777877653 -0.03647681916165143 18.32747480475106 -0.8413431428451243 0.5394620823196608 0.03350184557313733 -10.517731451155191 0.04788355749832726 0.012652924725387149 0.9987727613106648 0.5879794156448893
0.5097477291934756 0.8595414397468075 -0.03668656969131356 18.729318637618842 -0.8591030139787265 0.5108322828682366 0.031502159962076434 -11.21163345749066 0.045818090710076025 0.015459386724895562 0.9988301508488345 0.6480132513326973
0.48232134047750996 0.8750917133544444 -0.039758724753138214 19.089698408276178 -0.874736869344463 0.4835636522652515 0.03164805755999531 -11.869989941850577 0.04692082160607533 0.019513887113611572 0.9987079678406798 0.6911177320975258
0.4529504902658286 0.8905201209538584 -0.042542990020755116 19.50455052998128 -0.8902384195117243 0.4543494330656924 0.032282271111761525 -12.669348905100373 0.04807738981475611 0.02325113153945923 0.9985729366399168 0.7522638903215619
0.42326413825390075 0.9051058272701795 -0.04038624970682075 19.925965857455722 -0.9046879689026439 0.4246319590580853 0.03503390071464419 -13.539654739716992 0.04885867440004031 0.021708358381077285 0.9985697459022088 0.8104218657893144
0.3925546591289181 0.9187392901066695 -0.04265084836327297 20.287505034296952 -0.9183359909067169 0.3940895644038535 0.036775249330788025 -14.359713286415955 0.05059511495074367 0.0247315112783028 0.9984129641646007 0.865772501173986
0.3671728207048167 0.929074439394442 -0.04477660388201467 20.666144439952237 -0.9284818588281293 0.36897242195405094 0.04219935537903243 -15.298322450849094 0.055727668216600655 0.026079805552652522 0.9981053206232336 0.9339847789150708
0.33610853187874745 0.9404808445572179 -0.050269019036482614 20.993822671842654 -0.939730814389565 0.33843962889508405 0.04862725583523202 -16.17643570919713 0.06274602397616244 0.030895307661138318 0.9975511900442193 1.0057334560186892
0.30992518456701446 0.9495886280648524 -0.04720122749090876 21.319110182011876 -0.9485360569841254 0.312213013058986 0.052937500957447314 -17.147380715830725 0.06500567936634374 0.028365398668568947 0.997481642000205 1.0754257037806252
0.2841203520489128 0.957714804771384 -0.04536647141829669 21.63599325986712 -0.9564135661660719 0.2864274704569504 0.05685411639549127 -18.139277792543016 0.06744422543711037 0.027235694424266564 0.9973512188408594 1.162287708059295
0.2527832679250669 0.9664422994869633 -0.04571695172591981 21.893275960678217 -0.9646890435595356 0.2553751950529596 0.06448685848941564 -19.06941221859311 0.07399779551295275 0.02780144079216679 0.996870787247793 1.2330339065725173
0.2271405051089623 0.9725235281981571 -0.05104230104030621 22.15637963557662 -0.9708294164963969 0.23025496921203126 0.06687966169483028 -20.132439135893733 0.07679478002204222 0.03436228377619649 0.9964545928109229 1.3405423401381813
0.200621113582801 0.978553881437101 -0.04672909548468015 22.38100777924349 -0.9766400413794956 0.20352108054805387 0.06894487128708514 -21.170600660547205 0.07697661941701933 0.03180570566056386 0.996525442459696 1.4320182097889318
0.18204388832952406 0.9825403371066397 -0.038401134564930835 22.57407748964302 -0.9805699666523782 0.1843047797970785 0.0671884258878518 -22.216067331332194 0.07309284362602725 0.025423754236580172 0.9970010176775704 1.525760397930699
0.16111683148937167 0.9863333036279363 -0.03446910530986007 22.745908859968626 -0.9841693568267802 0.1631802119650118 0.06915845166137437 -23.14826785603505 0.07383795231222263 0.0227808440994595 0.9970100050949269 1.6207288839104963
0.14074517848552157 0.9895824911674825 -0.030289046922501103 22.90665326809555 -0.98724024765557 0.142582191028659 0.07090139730935556 -24.23085179011571 0.07448145230664496 0.019923534086619604 0.9970233329118855 1.719633447020593
0.12217571490215501 0.9920599434512257 -0.02983792458153386 23.04547619778327 -0.9894534536130064 0.12410156270509705 0.0747038231781352 -25.34870740608338 0.07781359564252058 0.020396242179254474 0.9967592477409375 1.8071271620883116
0.1095703800010391 0.9937135612139953 -0.022974519395669232 23.186070864382767 -0.9904692312049768 0.11109497989528314 0.0814162355324288 -26.521246559622206 0.0834567626150594 0.013834744908301182 0.9964153395678269 1.903378634961414
0.09716048679376754 0.9950185843817663 -0.022315801498913025 23.32007922407091 -0.9915362717135178 0.09871179516281388 0.08433148464348834 -27.723294639941855 0.08611421856475526 0.0139332367051697 0.9961878169275264 2.010916259682111
0.08879826551035955 0.9959781892674566 -0.01193536767362851 23.452446509392903 -0.9922161941885919 0.08950043523221664 0.08658343960096408 -29.054071708207346 0.08730342916701014 0.004154004857122496 0.996173085270958 2.1372333146746767
0.0833705863961722 0.9964720411057345 -0.009641321183563874 23.559535691315425 -0.9928430210409146 0.08388939176597937 0.08500177321366596 -30.281694826742626 0.0855106863521868 0.0024856699376659204 0.9963341328507573 2.2644597149385106
0.07219563963008818 0.9972908435132918 -0.014103244966471688 23.660472495086534 -0.9937359080920625 0.07313327035881852 0.0845012761149281 -31.409391491511414 0.08530375671713436 0.007914275943909244 0.9963235386385082 2.3756351100135915
0.060092629146188486 0.9981116648243534 -0.012732592803163573 23.754713055851532 -0.993694931318512 0.06102652913268454 0.09405393210227095 -32.597856505890846 0.09465334325001042 0.0070003636129838025 0.9954856602883906 2.4986459443890094
0.05595440618996671 0.9983684385415391 -0.011388757952132065 23.834112412769926 -0.9939481553421649 0.05677939401900389 0.09403808184307909 -33.805085505867424 0.09453129027207259 0.006057988749727266 0.9955034385931254 2.629591002236827
0.05057995404761412 0.9986657079554341 -0.010421634135198891 23.899784038453728 -0.9944707693067443 0.05132357024485104 0.09161755324039789 -35.08137889381406 0.09203017492431319 0.005729997725268667 0.9957397121479087 2.772871128742723
0.047798527657165794 0.9988539026306428 -0.0025140423577575954 23.96651270377918 -0.9941592798418307 0.047817389334488765 0.09675132821615282 -36.35272347045938 0.09676064709103027 -0.0021252129760612783 0.9953053908038793 2.918841938252954
0.04592385366713341 0.9989430452343708 0.001982548328975659 24.027667931125677 -0.9942076986352438 0.04551292560778327 0.09736334786261315 -37.594880110533055 0.09717019797453405 -0.006442365056740242 0.9952469084990904 3.0602300808046
0.03878424404977552 0.9992459138630246 0.001877364421561658 24.100521790942565 -0.9947366283568714 0.0384307663623947 0.09498480053138193 -38.92842734856011 0.09484101580490578 -0.005551397031189194 0.9954769329477339 3.2030737201862176
0.03365759755966209 0.9993652321230018 0.011680642357580205 24.145888015633698 -0.9950909448675763 0.03242076866850983 0.0935034819216957 -40.11138535724587 0.09306542421731172 -0.014770403401462264 0.995550411740933 3.3271179518735106
0.03768951328583161 0.9991349913045465 0.01757578432889498 24.186339949885735 -0.9948449348534217 0.03585906871145685 0.09485609478373931 -41.33316156250989 0.09414378278866083 -0.021060258904885963 0.9953358096522157 3.4575821397643405
0.036136237013114234 0.9990104398480155 0.0259316776326063 24.242576302959677 -0.9943122628325294 0.033340681016211175 0.10115097083179164 -42.61413287627971 0.10018628615503766 -0.029439398640225913 0.9945330513326813 3.59879782120371
0.03693515329300332 0.998969950090015 0.026362316362753692 24.314811212395497 -0.9949983053070285 0.034312610984576976 0.09381371484780994 -44.09433433848345 0.09281251285912985 -0.029695482138559257 0.9952406624109885 3.7806621069983692
0.038244871379522434 0.9990255709656891 0.02203126926613929 24.35160775199503 -0.9948014417296519 0.03598231260012572 0.0952646872798978 -45.299958651978734 0.09437911317375926 -0.025560122593872553 0.995208130718621 3.9043867782975834
0.03961304304644282 0.9988895479466067 0.025507180935160995 24.405783004584734 -0.994595564412337 0.036965251661773085 0.09702179832836869 -46.57824105807468 0.09597117136023807 -0.029212655826006177 0.9949553333322386 4.040187310708003
0.03909684550717656 0.9987309095824057 0.03175130503968632 24.463595823529715 -0.9947556575649745 0.035896419445211436 0.09577382076263104 -47.97768333316299 0.094512507537441 -0.035329242199690344 0.9948965729579692 4.185703429512249
0.044000790856916744 0.998413827022889 0.035126896662090484 24.52979190003376 -0.9943756074560947 0.04037801349535272 0.09791201791647235 -49.34035162745012 0.09633834862668597 -0.03923753268588889 0.9945749337940997 4.338051779777476
0.03831174856426943 0.9985235475843061 0.03851069068758798 24.591630077821808 -0.9943009286168137 0.03425608597331535 0.10095632647592859 -50.91315415913446 0.09948803387743495 -0.04215902591802433 0.9941452147286011 4.503981677545063
0.02750334032435173 0.9985436695869603 0.046413841194679076 24.649746911572787 -0.9950735763598837 0.02292451173521197 0.09645226965725667 -52.50859118306365 0.09524777915702246 -0.04883794298943908 0.9942548346420781 4.667751731181759
0.024458450517159516 0.9987439075117139 0.04373248063130346 24.69804567952977 -0.9950342171266481 0.020099068379601362 0.09748297352570984 -53.99650593179764 0.09648153419179006 -0.045899593813230145 0.99427586773828 4.821336254982376
0.022100383874633284 0.9989718319015812 0.039585231531816076 24.75104828947435 -0.9953387064458419 0.01826762405612521 0.09469503309068454 -55.524236886104944 0.09387453319450056 -0.04149350681636662 0.9947189659539651 4.985594031012876
0.02463121036553244 0.9990421490515913 0.03616941179977512 24.777764210471016 -0.9952462378822754 0.021095394290581146 0.09507842158389994 -56.917240437730385 0.09422433323599577 -0.03833936498144297 0.9948124589278036 5.127708976403409
0.025021262667184473 0.9987154540870022 0.04406264447314953 24.82120686275943 -0.9952722333598424 0.020748852238703548 0.09488236171002248 -58.5648024017323 0.09384622230480696 -0.04622839973897073 0.9945128364860967 5.301119824677469
0.015547775349707983 0.9988796219700237 0.044697941231471444 24.866710270495897 -0.9952881432282258 0.01118198658123063 0.09631443845754213 -60.031858109202574 0.09570670858670151 -0.04598480289064229 0.9943468128140905 5.455346587667429
0.01793497832936916 0.9989313855578932 0.04259767546882563 24.875604302488274 -0.9957898864417493 0.014015637893390338 0.09058730531787158 -61.32535508109167 0.08989345981333882 -0.04404301264545838 0.9949770546293168 5.595151176008876
0.015471792539041032 0.9989780650878142 0.04246866568035932 24.908982270314354 -0.9955094587819892 0.011423193974784666 0.0939703359842295 -62.95220817849428 0.09338916730179393 -0.04373184482986513 0.9946687637084944 5.754449567745813
0.013766338471812974 0.9987173449134358 0.04872670058367389 24.93805340696708 -0.9939475097132696 0.008356322809111897 0.10953773657458514 -64.44080740322798 0.10899005073589821 -0.04993971262198042 0.9927875675403832 5.918058598424372
0.010923221278815074 0.999043840271187 0.042334700999618904 24.946816230320913 -0.9933830856143863 0.006001271345326405 0.11469100177199586 -65.97875180924038 0.1143272657008195 -0.04330736804201895 0.9924987196513545 6.1079771197022
0.014351149474936856 0.9985730013065027 0.05144068454156971 24.965151371600683 -0.9942362949684114 0.008784508185362087 0.10685044741792409 -67.49142714005384 0.10624608042850049 -0.05267761847588277 0.9929435025338655 6.28933442943609
0.01800419556176843 0.9983774766919071 0.054022230906431774 24.98464150745207 -0.9942672174721927 0.012182097023391418 0.10622755152124684 -68.9474705094054 0.10539708042970074 -0.05562507068022796 0.9928732382674264 6.432881686637431
0.016531668513931192 0.9982648145637893 0.056517275197080837 25.00190014825666 -0.9942022715547076 0.010405321883434968 0.1070213457303934 -70.32345632332613 0.10624755298171662 -0.05795884045705528 0.9926490772761548 6.612556790620715
0.011595549731165205 0.9983214059358037 0.056745503191232595 25.01917965097516 -0.9947468501135509 0.005744649755735294 0.10220420303654565 -71.88853486808902 0.10170665059726994 -0.057632520173057464 0.9931435999701744 6.789677991623494
0.005419151660818349 0.9984086088034992 0.05613395690642314 25.031544786153916 -0.9934493405103153 -0.0010323458724183783 0.1142687097660697 -73.44407333070197 0.11414480209979187 -0.05638547775021922 0.9918626933055853 6.975262057273363
-0.0064077509671293525 0.9987044413943292 0.050482847804160035 25.030582263142477 -0.993140565157234 -0.01224996923997595 0.11628306851288589 -74.85876121972002 0.11675081899136414 -0.04939144748935094 0.9919323018728058 7.142416389926585
-0.01626615356593535 0.9985300563825309 0.05170374458879149 25.021663046410552 -0.9930969019201016 -0.022142064471429072 0.11518796945697957 -76.56077092607028 0.11616346601667496 -0.04947315980815871 0.9919971854498983 7.369021491458377
-0.02597215405222198 0.998436809895417 0.04949264910453148 25.003089515933336 -0.9919870145809399 -0.031864599141351514 0.12225549539525071 -78.28960487001642 0.12364143833034953 -0.04592082342880184 0.9912638564086527 7.590003183407622
-0.03506617990306456 0.9979049226836484 0.05437156211092116 24.97219038424501 -0.9903563900976754 -0.0419944206160146 0.13202532014658824 -79.92924635831193 0.13403200633771487 -0.049217596832751835 0.9897540147723707 7.8098381256995895
-0.03200722028620569 0.9976466285579266 0.060637289123003056 24.914538791027617 -0.990937804859437 -0.03959335352978927 0.12835353203791558 -81.50596038467833 0.13045228963084513 -0.055979538294830725 0.9898729472721731 8.04694218152716
-0.030215967444856096 0.9973415684628594 0.06630934762949325 24.880109908727633 -0.990889188844061 -0.038599177987189676 0.12902989894073075 -83.14101393082709 0.1312463555335562 -0.06180644784414245 0.9894212032713771 8.296271296014305
-0.027810021230842218 0.9968393694705844 0.07441782480200562 24.845034639823094 -0.9908261541452087 -0.03733845592144855 0.12988213080020006 -84.7287337346308 0.13225025538851373 -0.0701230969922741 0.9887328160513417 8.519088553913402
-0.02737911190700874 0.9962841596795494 0.08166024649994522 24.792580143308044 -0.9899868010413453 -0.03834123221863 0.13585315456721753 -86.24965778351711 0.13847928721545072 -0.07712302153337615 0.9873578312247259 8.73950699931213
-0.03273612575098542 0.9959198381874306 0.08409613802768862 24.76360184420312 -0.9888607301593858 -0.044497759371333226 0.1420366209453063 -87.7448663867176 0.14519916448643222 -0.0785096337058916 0.9862826168835888 8.955644937523118
-0.038695129790462454 0.9960475322654627 0.0799508527410156 24.724030095365126 -0.98860258670562 -0.049809605917056875 0.14207013988635275 -89.32524035959591 0.1454909189132558 -0.07354219170226393 0.986622470285537 9.202129784192403
-0.044801554674836604 0.9955487974450457 0.08291894270958552 24.641481351008007 -0.9894906453475754 -0.05564487289814325 0.13346125587514676 -90.98129375212088 0.13748119372348144 -0.07606824054326143 0.9875791130192814 9.458973979611095
-0.042293772140324724 0.9955924921485273 0.08370761537196696 24.5664814855922 -0.9901453534496774 -0.05296247135833859 0.12964239892725601 -92.76878796387129 0.13350434846480524 -0.07739963437203148 0.9880211768271949 9.725557623320409
-0.05124954615938339 0.9942689030669903 0.09382414864018215 24.493523846362482 -0.9901625693234951 -0.06283532009467876 0.125019217679832 -94.31114208681784 0.13019817837850667 -0.08649397517708227 0.9877080474127546 9.965859552212866
-0.05741130164839768 0.9936008547593737 0.09726984280912897 24.395034907965048 -0.9900048061015586 -0.06923217575951164 0.12287141923735821 -96.04349746034241 0.1288193376990975 -0.0892433967859484 0.9876442450011053 10.210183609282735
-0.05586069411463701 0.9926495907901262 0.10736159095719416 24.28270096196653 -0.9903208674377594 -0.0687692953165835 0.12056267859071278 -97.81339984268693 0.1270596623393873 -0.09958770110427083 0.9868830185558464 10.445134402851501
-0.05970273671666289 0.9915160819100644 0.11546246575354913 24.178491280220975 -0.9899530384164182 -0.07366332005713436 0.12069255543837328 -99.51690538186658 0.1281739459771401 -0.10709673441462143 0.9859521739766615 10.673836482095055
-0.062417623922255965 0.9912610921225419 0.11621370798472722 24.083309195929075 -0.9902024416921344 -0.07607891563929436 0.11709448745379727 -101.26724822768782 0.12491261041016877 -0.10776632914753452 0.9862977331320977 10.931648282091967
-0.06629448619798982 0.9906326173265927 0.11938256591329863 23.97696151557861 -0.9905114413767262 -0.07977258056629359 0.11190806861695864 -103.04452840103752 0.12038322667743666 -0.1108309006890539 0.9865213380896097 11.171871128639092
-0.0854225269196137 0.98702250317973 0.1359768677647843 23.85238668377665 -0.9898492932739599 -0.09962991917215681 0.10135211759393559 -104.85614617602029 0.11358417416704811 -0.12593884233229144 0.9855140809190521 11.426820833271154
-0.08988059483103736 0.9876855885033041 0.1280577814556165 23.696948682148452 -0.9898083244006446 -0.10284483526581129 0.0985008463736207 -106.45308834452327 0.11045793714448453 -0.11789933399682934 0.9868630864936743 11.613006397706345
-0.09093390205562626 0.9864021441796159 0.13690132895785953 23.5361711965619 -0.9896201851934995 -0.10486766781407167 0.0982581153635895 -108.26354188936837 0.11127852798328491 -0.12654531449803835 0.9856994130602889 11.834159429599996
-0.10718608846566362 0.9848209387202975 0.1365247213992285 23.351146138443536 -0.9882038479141995 -0.12063310242421904 0.0943440803498606 -110.1688682460084 0.10938141586846259 -0.12480187206884098 0.9861339457242384 12.061582676579764
-0.1157851059633345 0.9840269407341541 0.13522177192329393 23.150506013723632 -0.9868012545803535 -0.12947643269323597 0.09725807558068204 -111.96401965806153 0.11321258829645814 -0.12217596782125253 0.9860303763358861 12.283307802433784
-0.1293227753865828 0.9823479265054474 0.13516031041838297 22.92473483411024 -0.98519483180425 -0.14275848947952777 0.09492709306463742 -113.83343173132003 0.11254670393376505 -0.12088299450935373 0.9862659384724939 12.524105277927399
-0.1352481799070911 0.9813295750706298 0.13674916226123807 22.665942031741917 -0.9848039197443322 -0.14831741749914232 0.09035031407010859 -115.73901040586328 0.10894570736342664 -0.12245138570850811 0.9864767870072163 12.737852611076685
-0.14277129426900714 0.9804627079288643 0.1353121367401503 22.43014009065611 -0.9840999391507377 -0.1552169187118627 0.08634242201312584 -117.48758757793381 0.10565824757536695 -0.12083343656340913 0.9870337256884949 12.96673678733072
-0.14746653079293814 0.9798426083176109 0.13476729453717717 22.124107667950145 -0.9838034711995455 -0.159352281083889 0.08208274178577205 -119.46277392592717 0.10190363368985911 -0.12048006540810187 0.9874716014139315 13.177301187539673
-0.1540948113031738 0.9781581493153872 0.1395047042682417 21.863349629389127 -0.9828099913784808 -0.16627136043326857 0.08023933870791834 -121.20982715868897 0.10168239012417118 -0.12474214148519394 0.9869650703015055 13.367129793739522
-0.15610731050971788 0.9776853015248096 0.1405777266973624 21.548000737105795 -0.9835892517387299 -0.16690288061073869 0.06852450830079988 -123.21765455390181 0.090458223178638 -0.12757355411588006 0.9876954279880709 13.57487514938212
-0.1621519285653946 0.9754190068659889 0.14921344296920594 21.23712449961119 -0.9821571787530512 -0.17413625767393193 0.07101996843950596 -125.02070248771825 0.09525768830777347 -0.13503501848434876 0.9862512240398604 13.770802953788444
-0.1638445266603272 0.9744966712195735 0.15333410358122265 20.923033549019756 -0.9815983846332997 -0.17650502147652 0.07287375802614546 -126.9199307998124 0.09807946428927017 -0.13857253084381257 0.9854836542019368 13.977343477735506
-0.1779552482110382 0.9715873192800609 0.15604534310246593 20.607246502410966 -0.9789661361228044 -0.19087817769879806 0.07204735618436175 -128.8180575299372 0.09978593867874513 -0.13994189018890546 0.9851187715860916 14.206933000792374
-0.1858000503332397 0.9700330101286451 0.15657087536498976 20.241142031540083 -0.9772505295626176 -0.19901526287393057 0.07330977794801427 -130.76167071934765 0.10227288857774297 -0.13938799923317696 0.9849422329510846 14.436278085208778
-0.18715641413198938 0.9693306835899428 0.15928164036053627 19.856484384334234 -0.9772246432784731 -0.2002298882777062 0.0702850221565123 -132.74368727160254 0.1000223639078677 -0.1424996399995582 0.9847280536458838 14.664132053905343
-0.19102981063662966 0.9666990461111616 0.17029593110681612 19.513630152089654 -0.9747482532336605 -0.20726224969456777 0.08311557374798871 -134.42140467071206 0.11564365258100236 -0.15011809693987108 0.9818813894293995 14.855691150674916
-0.19370059928366112 0.9671930342556081 0.1643710764709376 19.153061529620118 -0.9743724923989592 -0.20919102592053287 0.08268831030162718 -136.23557158517315 0.11436050089757037 -0.14414186859759878 0.9829266289355384 15.112288710100067
-0.20466830512469295 0.9638674277162594 0.17050104140638325 18.79013053263725 -0.9728169024883305 -0.21958121180936208 0.07356195744625903 -137.98720588658935 0.10834278956259379 -0.15081048164672936 0.9826077543426011 15.317620025938222
-0.20874493683505918 0.9619562796008617 0.17625494585352885 18.3777224266338 -0.9704321885309285 -0.22607762917390514 0.0845592631245207 -139.93520302325825 0.12118960291175739 -0.15339214241278087 0.9807058127242034 15.544646692204694
-0.23363116225275984 0.9564062343546931 0.17522480808245963 17.964498446925866 -0.9643285092625344 -0.250981212197899 0.08413651571793565 -141.8727605714645 0.12444681111277398 -0.1493173539973028 0.9809267451334165 15.812400774888914
-0.24284143861971055 0.9532915860241755 0.17961994922684849 17.47346943714383 -0.9607523162477322 -0.2619476247216226 0.09131497498932395 -143.85868357806655 0.13410080376212027 -0.15039521027531352 0.9794887520924017 16.0832661668669
-0.25076969884423683 0.9512147665449204 0.17973637501657067 16.929771129818125 -0.9585118245221761 -0.2699775557308788 0.09147238699592593 -145.91451525167213 0.13553465970228873 -0.1493409258155546 0.9794527064717676 16.388038176714414
-0.25425775522173605 0.9493473824660869 0.18464203142845667 16.42352510705953 -0.9562051187197876 -0.2753833971256707 0.0991753570781824 -147.89947906796277 0.14499920195350902 -0.1513395397547127 0.9777891058191486 16.694601452958675
-0.25887974856921164 0.9508110017382572 0.17011717494088496 15.933871772851393 -0.9549236567428817 -0.2784219858493632 0.10296603089603341 -149.73552196607716 0.14526558307629028 -0.13579308377348545 0.9800296470473356 16.99699894659549
-0.26989479371837627 0.9478740089164447 0.1693865461009728 15.420713184992284 -0.951243891939851 -0.28974960927753246 0.10573654950217057 -151.58634145753572 0.1493045986968694 -0.13259016262262147 0.9798611870579456 17.305173429482956
-0.26711749170995736 0.9460291000435558 0.18351383040249192 14.929049741898119 -0.9500116979980257 -0.290455657861099 0.11451323248152054 -153.3392360734485 0.16163546561161604 -0.14375178671046202 0.9763244134984018 17.5942110797639
-0.2755941628674568 0.9453327515927693 0.1743387065888216 14.370020236124699 -0.9470133587958371 -0.29812685264265715 0.11952436540552223 -155.30076787589033 0.16496533184799936 -0.13216085619764922 0.9774046795960802 17.961956182771498
-0.2812740939031527 0.9451279897259937 0.16618695975044662 13.804576853120128 -0.9447777130838034 -0.30308539766049286 0.12463671415398303 -157.24550939916168 0.16816647233217383 -0.12195264735983188 0.9781858461990817 18.331002741380768
-0.2784700713339527 0.9432328726565297 0.18101465622155694 13.204835542271763 -0.9453850351121789 -0.30243604382665307 0.1215712577479127 -159.2907927711821 0.1694153475247069 -0.1372745793981512 0.9759375442071465 18.724561405208902
-0.28675773871322896 0.9390173132141589 0.18978046060585896 12.60501244453974 -0.9417344309938797 -0.31265457302098515 0.12402973586878822 -161.28211438784513 0.17580178201143748 -0.14315629607608857 0.9739609687530147 19.091590196524827
-0.301864037204426 0.9354583827193359 0.1838364917485201 12.027278946498619 -0.9365031076144804 -0.32705622965373005 0.12647587913546815 -163.13526687206482 0.17843777479953923 -0.13398491572781107 0.9747861115141787 19.469720693399502
-0.31763142561286595 0.9305768373100117 0.18203616613428392 11.43378583519518 -0.9317731017839693 -0.34191317949852146 0.12204204360413931 -164.9979984671437 0.17581004713473106 -0.13085200454492063 0.9756887518835052 19.867845110111528
-0.324609772509623 0.9285947725542425 0.17983431939376873 10.784328058092928 -0.9304767350616551 -0.34764747046330996 0.11556071010272849 -166.90995754020233 0.1698280019130192 -0.12981950432303446 0.976885513446937 20.25690571047565
-0.3359270973805653 0.9221537180727476 0.1917958392294014 10.097642449333774 -0.9266261633755263 -0.36006797824373904 0.10823585506384187 -168.87031507728727 0.16886962069812145 -0.14136367481664677 0.9754482677038996 20.649193309508473
-0.35025346898724224 0.9156959280842146 0.19703708586970767 9.364098601585026 -0.9226653396243251 -0.37352344789960773 0.09575437773334512 -170.86077873447317 0.16127985059567043 -0.1482609749758313 0.9757086929047966 21.038663514355715
-0.3594406721262016 0.9109839336392128 0.20226421910047626 8.663579793440174 -0.9177163142859436 -0.38436592057925684 0.10029756487904255 -172.7344620240563 0.16911292742430492 -0.14957013762257004 0.9741814779744478 21.378257107214107
-0.35409849772001456 0.91481350055924 0.194243794141828 7.95169713818919 -0.9214227101887484 -0.37680133239260166 0.09487328910480516 -174.55244334412663 0.1599826714051633 -0.14538614253825366 0.9763546357378791 21.743793963378625
-0.360574494126757 0.9138990590746575 0.18647971059427249 7.143338109499855 -0.9188297711269815 -0.3824173207293117 0.09751328333583942 -176.63676698193888 0.16043035440048584 -0.1361822962512001 0.9776075101458752 22.14287711292648
-0.36222313512304516 0.9141724210042779 0.18188821707973296 6.397097194874052 -0.9171424228198837 -0.3843706600642274 0.10539908859115368 -178.58248422866131 0.1662654187579305 -0.12863940170077098 0.9776541695171408 22.498292562405425
-0.35995957135361906 0.913444014778462 0.18986647232188772 5.586846247066277 -0.9191878723619584 -0.38206946620141496 0.0954807531874563 -180.65152422830727 0.15975848952954422 -0.1401537366456631 0.9771561366774654 22.893740202849994
-0.36744735369735804 0.9108015585343422 0.18821025925240206 4.807459635051096 -0.9177703770215083 -0.3878643874882998 0.08519828584018801 -182.63631280382984 0.1505987745302588 -0.14142790472499275 0.9784263473527353 23.28162859260304
-0.3813366122011833 0.9062890819632834 0.1822707507108799 3.928230205242223 -0.9122722946959119 -0.40081167383874033 0.08431641818071155 -184.84187355141626 0.14947128010491337 -0.13412760819545808 0.9796265010005072 23.65527443103143
-0.38501360791763894 0.9064082227876455 0.17374922686682395 3.012579755182893 -0.9113811763386479 -0.40307038008908996 0.0831782185454885 -187.0299220587622 0.14542657470878784 -0.12632701887957676 0.9812708881794063 24.040082716732762
-0.39462396759295665 0.9017217215317811 0.17655027492073938 2.197638513133125 -0.9053495435575803 -0.4143916364704829 0.09285349499818693 -188.9689077805079 0.1568889562690639 -0.12319748662782733 0.9799021354239016 24.35622489474011
-0.3881599485628788 0.9018344289860452 0.18980688997692297 1.306731708166525 -0.9069388944599459 -0.41037956257777664 0.09513386497050354 -191.00287863184255 0.1636878482429697 -0.1352160841867862 0.9772015448379678 24.754024508299064
-0.4056612035229587 0.8937329242237068 0.19152176526567716 0.38952862096745555 -0.8988627774115159 -0.4280822483003911 0.09376188993466401 -193.1626727720206 0.1657851407520887 -0.1341162142204549 0.9769995335249223 25.1881818247194
-0.4275239939470767 0.8819024928574205 0.19867401980893673 -0.5391320133116327 -0.8919516662242277 -0.4472782680300655 0.0660633937807531 -195.1875371451312 0.14712402959924137 -0.14896392523747481 0.9778365043355961 25.565412437272645
-0.4353036562770438 0.876609064427814 0.2051034213524107 -1.534961735646477 -0.8857293299412766 -0.4578035720103218 0.07680780862874081 -197.21579775092553 0.16122748542957266 -0.14823138430500649 0.9757218430311024 25.91250599363763
-0.44653172136164626 0.8721700309368421 0.19982241468130554 -2.4636204739430667 -0.8782781988912173 -0.4699095129180823 0.08838807018750966 -199.09321015355948 0.17098786387037473 -0.13603158267714302 0.9758373426152183 26.29247169477949
-0.44354841824954866 0.8711209870664854 0.21074431194286095 -3.369474555102026 -0.8776387074440818 -0.4698303272683818 0.0949197487604582 -200.90766322354693 0.18170063775609113 -0.14285584985800634 0.97292191090514 26.669881958535147
-0.4542968280021497 0.8664269213916727 0.20716882103870674 -4.3340813276151575 -0.8731764088503582 -0.4791688689958535 0.08921967239576996 -202.82670164829054 0.17657115968289985 -0.14036270198676282 0.9742283601795546 27.111031248537092
-0.4517178213558582 0.8712787657040455 0.19189700560036424 -5.395726297790741 -0.8758729875477584 -0.4740037476498173 0.09037119468101666 -204.88471991285516 0.16969838730049702 -0.12725511453145644 0.977245390622094 27.56697587878137
-0.46151515583079694 0.8639879156897683 0.20131761208637255 -6.45671609784266 -0.8684612261655436 -0.486327603412682 0.09623178651516055 -206.86050113045468 0.18104939601919073 -0.1304241021346903 0.9747874794550753 27.98090422589002
-0.46627698339260965 0.8592462543541368 0.21043238247073134 -7.600427418909359 -0.8664425218996532 -0.49157554920421903 0.08735463123796808 -209.021795331481 0.17850253745670286 -0.1415960990915573 0.9736977709548815 28.463775392931705
-0.4630454019658316 0.8636005924491701 0.19945704022515198 -8.712813185252298 -0.8702380173541405 -0.48566758697592755 0.08253959075798939 -211.1216010709535 0.16815104358634683 -0.1353555106648412 0.976424125363776 28.895890726457594
-0.4666375138140075 0.8607420541429724 0.2034027664188773 -9.854280676775819 -0.8686422787636265 -0.48929808741010866 0.07776868991519326 -213.24108341311722 0.16646335131536713 -0.14039444339058316 0.9760016973616581 29.338259407161107
-0.4852652511219939 0.8471623085500635 0.21641117688619796 -10.880302025206563 -0.8568617114353235 -0.5100319620778618 0.07520240066059329 -215.15958300539913 0.1740852407059653 -0.14894132780589214 0.9734016489397872 29.729841895094
-0.48620866356517695 0.8468492089968978 0.21551726416026865 -12.05982686053839 -0.8567457923442121 -0.510518423585454 0.07319550812920608 -217.1996515918129 0.17201107648821518 -0.1490552072977976 0.973752892196839 30.17110483681078
-0.49207952513626396 0.8403275864602734 0.22739267101460145 -13.1781898528517 -0.8506640928441875 -0.5196569674815676 0.07954390751916854 -219.19094505455794 0.18500910892262104 -0.15429283975616118 0.9705489732798496 30.601779946106497
-0.48134428441362187 0.8466436880999392 0.22694114593547202 -14.292345976316861 -0.8578128453944404 -0.5082236963343106 0.07658846316884703 -221.14279362343075 0.18017999061744325 -0.15780759860646554 0.9708923179848996 31.041785875415314
-0.491634943581492 0.8428934842733748 0.21869109463978473 -15.296851916109677 -0.852474461494209 -0.5171158420193639 0.07667133990445242 -222.94659912959685 0.17771438626763378 -0.14873425153865394 0.9727773021877553 31.450238619083922
-0.5050726745561831 0.833869338770215 0.2226289687601836 -16.36109359720223 -0.8426008138005142 -0.5322572723842078 0.082012563103563 -224.79408447982414 0.1868836325401532 -0.14616503416415072 0.9714475029538768 31.862995276243588
-0.5111112803033054 0.8301674496251492 0.22268229203334838 -17.515467972444043 -0.8400936684841573 -0.537268700552239 0.07473264018968372 -226.7247561026829 0.18168081455502116 -0.14887727648530513 0.9720224269469685 32.30607938843838
-0.5310455920325367 0.8168007993258962 0.22544882314845663 -18.750731890069282 -0.827058164161738 -0.5575184035046583 0.07174969530955573 -228.7396169073532 0.18429705980419625 -0.1483569186935804 0.9716093755940232 32.759641733553146
-0.5301939527328317 0.8184277926147544 0.22151853018858442 -19.81534360720792 -0.8263560962091135 -0.5572787838489855 0.08109226387153995 -230.38195017183347 0.18981572251216106 -0.1400585489814495 0.9717785522758412 33.139019857459964
-0.5373936576800415 0.81343799053762 0.22254624393824202 -20.94353796819714 -0.8212272463745015 -0.5647805766299553 0.08129394813681075 -232.10896813093683 0.19181736452068837 -0.1390741761097323 0.9715268563074669 33.557514131815566
-0.5498938677845007 0.8041870803680342 0.2256103109296505 -22.129879398401 -0.812154998281621 -0.5778829654715621 0.08034633105472186 -233.89993065616557 0.19498981938086907 -0.13904857609621318 0.9708987713157148 34.00896204851054
-0.5472144196197923 0.8068257143828648 0.2226853924854269 -23.4003612782253 -0.8164218240336558 -0.573150011254496 0.07038796609159151 -235.76778106132707 0.18442293961846515 -0.14328789308975132 0.9723459874732434 34.47285430721805
-0.5492871861814844 0.8066249988058806 0.21826551915929163 -24.694413033785583 -0.8180627819800261 -0.5723516036391788 0.056452834124976065 -237.65540208572733 0.17046087176676092 -0.14754606781777663 0.9742552075236554 34.92130476917156
-0.5422990006062794 0.8077856654698166 0.23107196077964764 -25.818235110402902 -0.8195877905043815 -0.5691287097909272 0.06609357970213312 -239.3381706351402 0.1848991165050702 -0.15354126345170346 0.9706891147284139 35.292759196746026
-0.5431266442851793 0.8053259607079017 0.23762088235895934 -27.0297695489986 -0.8174638876766508 -0.5717854216268893 0.06938457962341522 -241.151766086156 0.1917453423924746 -0.15656186401652145 0.9688767035724399 35.71916156453242
-0.5495553269979422 0.80301258483234 0.23056424186049304 -28.330067116684802 -0.8138061695604611 -0.576945350691176 0.06966761536860215 -243.1210029317919 0.18896692226600267 -0.14934838161946756 0.9705599020750307 36.22707576071393
-0.5562759577891853 0.7974029804445985 0.23389246251093884 -29.61144704018198 -0.8070850309047006 -0.5854616614345378 0.076474778913382 -245.02864865274447 0.1979162685596023 -0.1462300129830601 0.9692501711433176 36.70366899365437
-0.5568696982927029 0.7988666090366234 0.22739485162456005 -31.017791960027946 -0.8063776694233183 -0.5856085457001512 0.08256925207577685 -247.05401341781797 0.19912616889854404 -0.1373858053069502 0.9702957640219205 37.24714650390926
