1.0000000000000002 2.168404344971009e-19 0.0 0.0 1.6263032587282567e-19 0.9999999999999999 4.705268021997638e-19 -1.734723475976807e-18 -3.469446951953614e-18 6.721206436462873e-19 1.0 0.0
0.9990476149510699 0.04357851456297445 -0.0022168862620634893 1.0015462036530802 -0.043581557653799174 0.9990489658700513 -0.0013444539529035569 -0.038623681615319205 0.0021561876628506307 0.0014397898893120963 0.99999661908367 0.01600556636234541
0.9979586024130283 0.06317222003508885 -0.009382800291455454 1.2818048801108515 -0.06316279998336759 0.9980023922056688 0.001296834609953801 -0.061659915487943 0.009445979442549381 -0.0007015421279842563 0.9999551198078576 0.028481298069139318
0.9965905881875685 0.08116282154218596 -0.014830185127062436 1.5748941410767912 -0.08107880685816647 0.9966885210923025 0.0061818226500750815 -0.09722516809088488 0.015282807307054298 -0.00495833101051002 0.9998708972029035 0.04365377503499655
0.9944493413527515 0.1029547256222095 -0.021701852703620822 1.875979923021751 -0.10274448436127619 0.9946513795150499 0.010592454490140558 -0.13223550466196804 0.022676318164660585 -0.008303911907415206 0.9997083524510847 0.059618856547415555
0.9918189525755975 0.12531711963232056 -0.024308913890564745 2.190031962730477 -0.12508063511366155 0.992085351290171 0.011022087143706479 -0.17864075206477975 0.02549777050913804 -0.007891338774849429 0.9996437119245721 0.07845856961695898
0.9887235198767067 0.14759891604174483 -0.02530809517828345 2.4783870330571256 -0.14728923913862518 0.9889985454560508 0.013702300893009578 -0.23263073395133393 0.027052110838861793 -0.009820175175431873 0.9995857680947737 0.09707054276225728
0.9850545906427964 0.16969717431099846 -0.02950357503847642 2.7779286234388647 -0.16924125877097226 0.9854221679345462 0.017336181897341384 -0.29714956102038004 0.03201537426261147 -0.012083861296488642 0.9994143066946387 0.1191119441795904
0.9809971092889219 0.19105291119218668 -0.033817083662034335 3.076329810457188 -0.19042097667084437 0.981476972829812 0.0210427987333374 -0.3680617673585507 0.03721097269107046 -0.014203440377265317 0.9992064682095323 0.13742955049014727
0.9765845525801287 0.21188676796102915 -0.03723906121983163 3.344998388133452 -0.21100482282624394 0.9771325691037036 0.026246963078472317 -0.4402120936818563 0.04194887913374703 -0.01777475463655924 0.9989616158571687 0.15148536508761606
0.9713528954874782 0.23438391075995565 -0.039215727209846084 3.603210739053317 -0.23319500487493297 0.9718828529892759 0.03261603435102444 -0.5162435808004912 0.04575776157112282 -0.02253676477312461 0.9986982936845813 0.1708617861330055
0.9665889348959966 0.25277383841264855 -0.04256002827060547 3.88616281684466 -0.25137736292232854 0.9672357945478063 0.03555748986741569 -0.5996143085650029 0.0501535806015691 -0.023670845570775405 0.9984609505342407 0.19700589096764282
0.9600929016001475 0.27622737946294706 -0.0438200135517829 4.185642864305667 -0.2746390255322597 0.9607567527385844 0.0389854287123128 -0.6952389670990067 0.05286921111956267 -0.02539494441113484 0.998278469983643 0.2232271568216649
0.953266240346999 0.2987762475605048 -0.04490397937819653 4.471814421950734 -0.2970422669349851 0.9539640791643118 0.041453868918272824 -0.79345121763877 0.05522220889854071 -0.026178190757994702 0.9981308382631692 0.2599449275885241
0.9468511774827129 0.3184851067932736 -0.045168826707290194 4.763476460460734 -0.3165737747442668 0.9475126562816781 0.04473038408270939 -0.9031755511407564 0.057043990107080285 -0.028053747540353238 0.9979774199652706 0.2932944569060212
0.9402152132487513 0.33730545851962074 -0.0471223819867933 5.032809124389475 -0.33487809023709464 0.9407936732076565 0.052573045009620234 -1.009293975746233 0.0620656074196482 -0.033649719645998374 0.9975046451331985 0.31636128398858365
0.9329780722872644 0.3564649486103678 -0.04984772310731774 5.307541262077699 -0.3536985013322663 0.9336475195799387 0.05656567216535511 -1.1269522133681267 0.06670387556404844 -0.03514346291708169 0.9971536944312366 0.33918759534744597
0.9251545882857206 0.375860113736737 -0.053087674005571794 5.577887103242591 -0.37262690448974173 0.9259224016845848 0.06178100063146356 -1.249031880194615 0.07237607313557054 -0.037375076501152335 0.9966768623846647 0.36373489759058464
0.9167946313901801 0.395450978578096 -0.05573388423038437 5.856098552167772 -0.39172833056021134 0.9176275729046508 0.06714572519238604 -1.3809812197360753 0.07769578376648688 -0.03972629470053225 0.9961852975291344 0.39389826392462507
0.9077613736122008 0.41507421128880434 -0.06068629298534717 6.119131319400068 -0.4110287327031284 0.9090055861079854 0.06902333842201556 -1.51775655295457 0.0838139786481802 -0.03771290634711113 0.9957674999702233 0.42749165280329515
0.8972311386266572 0.43687650919194354 -0.0641509006219715 6.372450273562529 -0.43223762747848726 0.8986649679565218 0.0746451920049387 -1.655085903140961 0.09026088895273685 -0.03924555337267829 0.9951445718009351 0.4613431161451633
0.8873055039488378 0.4562152767307444 -0.06750335099256455 6.619042348769054 -0.450781839547943 0.8888640549320604 0.08195377302778477 -1.7875028067629557 0.09738985588047419 -0.042288744743972984 0.9943474434816495 0.49234138330505023
0.8773722339446495 0.47416423635551624 -0.07339195132983828 6.876148131159876 -0.46799057982594006 0.8794305454097047 0.08710183077611842 -1.9407874147332487 0.10584368646768859 -0.042073981637139324 0.9934922518183319 0.5292893826965558
0.8674248446234671 0.49191133895465017 -0.074816522195523 7.103132518159921 -0.4852013835531199 0.8695639234542576 0.09185965575244716 -2.082048464545607 0.11024454404643247 -0.04338026309286026 0.9929573271802373 0.5613415145985952
0.8573812560091336 0.508725000367232 -0.07807941022572067 7.342534904054786 -0.5015953263439257 0.8599019757854715 0.09471386677860341 -2.2359402267305333 0.11532393978866476 -0.042041622503715 0.9924378324146091 0.601571530930003
0.8462919487433506 0.5267643043319635 -0.07943200632919127 7.582495608179625 -0.5192076083868309 0.8489753898567615 0.09830688043452976 -2.3970898161064316 0.1192203624274106 -0.041954615112189175 0.9919809855901457 0.6492295170050406
0.8360703331760644 0.5422149815460691 -0.08360293191926116 7.839442199502317 -0.533990463993264 0.8392271311080686 0.10272294148027956 -2.5773717264691283 0.12585975434188798 -0.04124043131614549 0.9911904506101689 0.6961369071520158
0.8268367477471978 0.5560671259538995 -0.08444218414893612 8.092306311051987 -0.5473125344653335 0.8300637161322055 0.10697295316063739 -2.7581465674281165 0.12957652327530486 -0.042232898614951705 0.9906696054736893 0.7391956094636528
0.8159756015897238 0.5718475743345514 -0.0847012856668304 8.310799232577912 -0.5627371548010143 0.8192770137939157 0.1100548281783434 -2.924597846902001 0.1323283901568858 -0.042137489907929156 0.9903098451604315 0.7810402757643462
0.809232147335601 0.581612245203197 -0.08288948307200579 8.521030728458527 -0.5720461484941326 0.8122151758968972 0.11432282346838012 -3.0838255414556066 0.133815637206887 -0.04509708992191945 0.9899795897080005 0.8168394870557083
0.7990133868337437 0.595565672392559 -0.08294140090271718 8.771499391026376 -0.5851713974151811 0.8018771074313644 0.12069604862899748 -3.2750400042544574 0.13839122069087373 -0.04790281843984663 0.9892184543062976 0.8653569867674702
0.7887648288088522 0.6090699645114426 -0.08296964276051835 9.03159491423573 -0.5983835239129516 0.7916955784130745 0.12310672345849723 -3.480611686027395 0.1406672934896011 -0.047454581818988414 0.9889189731851781 0.9169732246486695
0.779735488677613 0.6206127044236194 -0.08278029512100815 9.254559034829777 -0.6089879300822051 0.7824628168904192 0.12994474644279727 -3.672420748336264 0.14541784948509023 -0.050910324887596156 0.9880595873680406 0.9655643563993517
0.7692824110446304 0.6335462200640332 -0.08260688564261638 9.520349259996783 -0.621233414178454 0.7719234684842853 0.13491923451218327 -3.8912624233578064 0.14924375045139238 -0.052472831401403214 0.9874071425885341 1.024330546756897
0.7586028564523094 0.6463707799800197 -0.08201621440943349 9.792740375099767 -0.6336416306184066 0.7611924585618716 0.13814601299263615 -4.125273927226754 0.15172365556103812 -0.05282906720100531 0.9870101227043209 1.0828967043683901
0.7490486982438183 0.6574389701173019 -0.081854668076896 10.05520408436635 -0.6439585322138538 0.7515269903646397 0.14326404808055326 -4.352350359021833 0.1557033457240321 -0.054600731648206044 0.9862936624316079 1.1487374717778651
0.7376692912310339 0.670012708571831 -0.08322935529354393 10.315591638074897 -0.6558558498662042 0.7403786138191425 0.14728410751165713 -4.5925037080901 0.1603034432506048 -0.05406049855501598 0.9855862361543584 1.2103868769326194
0.7304590450406455 0.6774579544066118 -0.08648954841571087 10.576253810657832 -0.6621622944427923 0.7335283489011054 0.15322288701971448 -4.834748220977328 0.16724458339473863 -0.054652920775539265 0.9843994452938067 1.2752321826408337
0.7237197287710606 0.6843009772529965 -0.08923040498491996 10.818394508852203 -0.6679445248390877 0.7271068098590527 0.15863730558748745 -5.060326683638098 0.17343568195205009 -0.05520798214708234 0.9832965489881503 1.341676369143167
0.7178184630422382 0.6904132430560074 -0.08981284086477793 11.067947656828137 -0.6735601482397331 0.7212933159389606 0.16140841060808672 -5.303004735984466 0.17621988937976252 -0.05536758164860864 0.9827924205081662 1.406051850266715
0.7141925740227144 0.6936753080953885 -0.09350760720505046 11.297746249832445 -0.6759897071799537 0.7182167616768884 0.16493209197456288 -5.53705696147324 0.18156803344259026 -0.054583090197400284 0.9818623609321339 1.4670122657150364
0.7100082961035193 0.6979306834042467 -0.09370762553119613 11.541100026620787 -0.6797047966909899 0.7140102378605595 0.16790105870883815 -5.771809526500436 0.18409148731120803 -0.055517616879214 0.9813399405071269 1.5299902794001043
0.7069200145776562 0.7011838781716723 -0.09276529759180681 11.795279399251717 -0.6825416018468602 0.7106814878375415 0.17049569062976963 -6.021018485437829 0.1854753918253953 -0.05721063598167141 0.9809820500277872 1.599114585216727
0.7026728609719961 0.7056038190729265 -0.0915108704950805 12.060553636940076 -0.6865409021894923 0.7061549185925997 0.1732247571748867 -6.285676344226841 0.18684888395000815 -0.05889437467774222 0.98062169439437 1.6763868972071105
0.6999566731616487 0.7083852264555967 -0.09083592401449274 12.337311183243688 -0.6887214173030272 0.7031779709754883 0.17664525584596436 -6.560310662218718 0.189006692541173 -0.06108337364974902 0.9800741053395619 1.7539436068802312
0.6968513156020117 0.7111719882927092 -0.09291278419666925 12.615854474796784 -0.6897731665334635 0.7000327314807938 0.18484358121373598 -6.841091527878676 0.19649754887087167 -0.06471974143913321 0.978365999345195 1.828975983895111
0.6941661157890009 0.7133438817940616 -0.09630186110884936 12.887363676085302 -0.6903998785046462 0.6976684569408359 0.19132884748658313 -7.119925065321407 0.20367001456783287 -0.06632720360979871 0.97679024746676 1.9093434752376157
0.6919188397120689 0.7148885737602638 -0.10090978552230155 13.133444418052951 -0.6906072575525305 0.6961110086718644 0.1961914252754027 -7.377275837718768 0.21049940115313556 -0.06605950704545727 0.9753594742257923 1.984803952327482
0.6898263606558876 0.7164336122444084 -0.10422384490278129 13.38821714259632 -0.6915476079019406 0.6946671477896559 0.19798852420499044 -7.6387130958197655 0.21424649469290574 -0.06450194656068178 0.9746475766761118 2.066276001559333
0.6901438676806912 0.7160747674219249 -0.10458732150700611 13.649243175821557 -0.6903805586764797 0.6948130900709504 0.20151786520701093 -7.9044102264191025 0.2169704783055644 -0.06687125932718435 0.9738850068353977 2.1494987408479473
0.690040564820046 0.7156023959975156 -0.1084313985941524 13.909407850712455 -0.6889543383483782 0.6953400364209646 0.2045584252750838 -8.168379500649198 0.22177917128676164 -0.06644932275560239 0.9728301223788307 2.2322027068342867
0.6896155488622082 0.7159566836924746 -0.10879595718217785 14.176365424877075 -0.6883189232336605 0.6947184810454685 0.20876610822236702 -8.434757837764721 0.22505003173493865 -0.06908203189234308 0.9718951159485575 2.314934102840348
0.688623062279591 0.7166926358827227 -0.11022741139929951 14.446228095119174 -0.6877780281295368 0.6937230892230359 0.2137981651723786 -8.700406465275904 0.22969484960153716 -0.0714143490379991 0.9706390818099886 2.403984333500862
0.6888649466137685 0.7161135038817393 -0.11245742901500369 14.717309731801581 -0.6857381188957601 0.6940643622568541 0.2191754759736427 -8.965295563300387 0.23500719005892534 -0.07386594999811058 0.9691828529077556 2.4908104492189107
0.6909715945175199 0.7143304242883988 -0.11086225219392187 15.019339311420778 -0.6840819988620416 0.6957175233499776 0.21910943034627464 -9.259574053962533 0.2336453222373052 -0.07555951450148252 0.9693815469070254 2.594588737482581
0.6927401179550899 0.7125342655865781 -0.11138306781643377 15.284231195676215 -0.6820159055767945 0.6974608242922494 0.22000613411408057 -9.516933102271715 0.2344472137814373 -0.07644204447458956 0.9691187120810315 2.6833463391727874
0.6936097720791035 0.7116369461495667 -0.11170711439711045 15.58789422327056 -0.6805199532015289 0.6981819940738956 0.22233868843628993 -9.811469179006261 0.23621629927334878 -0.07819735963490192 0.9685489111153164 2.7907393750212766
0.6952605402910446 0.7101442152493106 -0.11094193579428105 15.87861492711259 -0.6780491307374658 0.6992309687160222 0.22655115233563075 -10.094544665155453 0.2384580054741239 -0.0822879859764955 0.9676602850733135 2.8919591809171883
0.6975786383368872 0.7076845834632343 -0.11210134753944673 16.166656594141266 -0.6746117547129935 0.7014163042700086 0.23003074672147797 -10.371793608431169 0.24141890376505132 -0.08483964060559888 0.9667052852890199 2.992615383730646
0.6994071958412527 0.7055646257014607 -0.11405381107122316 16.49180622684694 -0.6719264072668343 0.703491890689873 0.23154709862370204 -10.681486560998476 0.24360735066786263 -0.08530993170179614 0.9661147108767942 3.1071133430045217
0.7014496023644882 0.7035040590586115 -0.11423936574752182 16.78843514507484 -0.6695382555633521 0.7053754116623474 0.23273171010702318 -10.959854723905437 0.24430931981867893 -0.08676193197924018 0.9658080988104707 3.2087382611124124
0.7030305150804563 0.7016610837743888 -0.11584453736752323 17.096632779888097 -0.6668826888617739 0.707033920775475 0.23530939228881612 -11.251980443666021 0.24701343788221158 -0.08817495869453656 0.9649919680928746 3.3187500210474776
0.7065770952758812 0.697872468209931 -0.11714505965560225 17.42011414479036 -0.6629395999698718 0.7107159513657055 0.23535912813423826 -11.554259076449968 0.24750749535795039 -0.08863926206981776 0.9648228237766165 3.438665029617516
0.7081021351796615 0.6963517099166837 -0.11698632700342661 17.760599565828972 -0.6599407697973438 0.7115815526957608 0.24110136903875432 -11.865541623467545 0.2511366396634811 -0.09352033903834225 0.9634232168282121 3.559108138760425
0.7106197025775286 0.6933880891237303 -0.11930102524959323 18.08103276990808 -0.6557859840080922 0.7141865333893759 0.24470867298440038 -12.16283142115471 0.2548812413394472 -0.09565885551218398 0.9622291288951366 3.6751583187055825
0.712201629969603 0.6914633458646019 -0.12102651796200684 18.384986756588468 -0.6525990438591905 0.7157095342103184 0.24874554573801225 -12.448242995535246 0.2586182363339555 -0.0981751843308429 0.960977731966798 3.7877886047068525
0.7130883114009517 0.6901086252192595 -0.12351228277770673 18.698833279049996 -0.6502362162463176 0.7168991194620224 0.2514925675367585 -12.736336796164482 0.26210301271193237 -0.09902424193724997 0.9599459206408522 3.902638847914806
0.7145819781024916 0.6887483476955771 -0.1224681533027271 19.04252485478052 -0.6490621043106078 0.7180706804008071 0.25118295847168776 -13.052096781590864 0.2609426137976749 -0.10000136898512692 0.960160735931474 4.030448242854113
0.7156384025296958 0.6878525191853779 -0.12132900366652614 19.3975325852557 -0.6479652832915008 0.7186515830067527 0.252350727799298 -13.365416487571345 0.26077334041134637 -0.10197488026264453 0.9599991401272499 4.162813781808034
0.7174432235652001 0.6858995544144522 -0.12172576009238037 19.712247391839497 -0.6457105524654324 0.7203542013438435 0.25327396820644865 -13.645847620517138 0.26140614060493267 -0.1031100750698556 0.9597057373966535 4.283312151078505
0.7199876189022628 0.6830955792620091 -0.12246794142055187 20.05943440662524 -0.6420518543216522 0.7226350718345227 0.25606242451172717 -13.952114394523747 0.2634147156456253 -0.1057309968709059 0.9588710049850035 4.417178240043925
0.7205078823807227 0.6825854098626879 -0.12225255876860182 20.407810525309213 -0.6412375971218875 0.7229367042621164 0.25724863769893686 -14.262103259292441 0.2639750044766353 -0.10695672449999276 0.9585809388959936 4.554163520887327
0.7220487090127622 0.680740509433813 -0.12344293857663018 20.734075241676404 -0.6392925258674257 0.7247081369152629 0.25710538420818246 -14.554029243885106 0.26448212796481396 -0.10672645309421332 0.9584668113795408 4.677457552610956
0.7226725877550944 0.6799410424719329 -0.1241960068809545 21.076639366477217 -0.6376131035733037 0.7251684130787792 0.25996211022840654 -14.86219327284373 0.26682190495992025 -0.1086784796968688 0.9575985690273708 4.811541830798328
0.7237754869124879 0.6784201281405526 -0.12607661454046437 21.386365106429547 -0.6347354793196266 0.7262322584778044 0.2640029809852401 -15.134471645549418 0.27066581588392274 -0.11105357571715209 0.9562463488825758 4.933992271191921
0.726451229082978 0.6752774266185813 -0.12755056769318868 21.732843821685552 -0.6313796600172973 0.7291133172748293 0.2641088628178117 -15.432840231417805 0.27134554588017007 -0.11132936388046366 0.956021614707479 5.07154497230047
0.727329101698871 0.6740198590809431 -0.1291887992128432 22.097257781569247 -0.6301100681244945 0.7304441184426987 0.26346287748105046 -15.746054095556568 0.27194438517360453 -0.11022104497025165 0.9559798810315768 5.211819260888811
0.7294346519218112 0.6719604466694424 -0.1280405605390224 22.430434382242932 -0.6266260877425088 0.7314604059778658 0.2688966652400046 -16.038153265663755 0.27434449853686416 -0.11590897942552064 0.9546204297677809 5.3428941414063775
0.730082115358643 0.6714287474757564 -0.12713646350368366 22.758906475342396 -0.6253593132313332 0.7314599868803051 0.27183085343257263 -16.320021559220972 0.275510260132234 -0.11895286226133953 0.9539099923161701 5.474465550408192
0.7295899903993658 0.6717672824742575 -0.1281690390142717 23.098176410953794 -0.6249502916358587 0.7310137509632072 0.27396354651109883 -16.606189252534303 0.27773305167164447 -0.11978177215764337 0.9531613920983487 5.6076577471308955
0.7311156976671656 0.669826047967015 -0.12962654259518597 23.428960608401603 -0.6219465887775777 0.7324504525112959 0.2769454301011562 -16.888483604284186 0.2804502570621475 -0.12185835437770492 0.9521019667562215 5.738192554462914
0.7294769933048153 0.6714707813577955 -0.1303473991967453 23.771008688666658 -0.6225557704250173 0.7307171779940772 0.2801369565495904 -17.185054446526976 0.2833508388831245 -0.12320492814922768 0.9510692972138809 5.877419559532394
0.7299710352921402 0.6711197007166 -0.12938614068059925 24.12947557814144 -0.6220422590137289 0.7307839568567969 0.28110181844271703 -17.487256428848887 0.283206258207661 -0.12471252696726037 0.950915853926302 6.0195843095544825
0.7276401168200934 0.6731875853926085 -0.13175156060915452 24.474776413743967 -0.6230069026260322 0.7289348166697931 0.2837541687039588 -17.783425642429275 0.28705805711330235 -0.12438877357467765 0.9498026453815842 6.159914885444342
0.7255176071777414 0.6750577635040502 -0.1338706691685367 24.80377144107767 -0.6239056653567676 0.7272679592700125 0.28604725498585454 -18.071929459869253 0.2904582420438835 -0.1240096398960467 0.9488179905337806 6.292961466747219
0.7256143314573431 0.6747969249901948 -0.13465916405179246 25.172721991076966 -0.6229169094375109 0.7273145043994854 0.28807660709771743 -18.395179401534154 0.2923327450986223 -0.12515103310784667 0.9480921608019309 6.4440079932586825
0.7262296164831109 0.6745683674471582 -0.1324696200572298 25.55568154387092 -0.6220452664002755 0.7268517465387297 0.2911120420604248 -18.721923338049425 0.2926607229331607 -0.12901207496377282 0.9474732429386666 6.600755084140156
0.7248904467702624 0.6764197346181459 -0.13034692653056318 25.946805558206297 -0.6240297176142551 0.7249427198271969 0.2916246910565036 -19.054883000318704 0.29175472492453713 -0.130055585150251 0.9476099860039284 6.7619205435943455
0.7239889808825238 0.677265105810122 -0.13096591338331667 26.34299482749362 -0.6232887938020689 0.7236170452709301 0.2964615442921941 -19.3975142348638 0.2955521994601586 -0.13300529320235138 0.9460224361469188 6.930127255665258
0.7218889892313366 0.6794364789014736 -0.13131068814138572 26.71240971844454 -0.6243340796036374 0.7213009674518399 0.29988642404833965 -19.716428856767333 0.2984682751882239 -0.13450295785278404 0.9448944932392985 7.0889543551794
0.7192542136131553 0.6819154599577133 -0.13290906713245484 27.09988241494053 -0.6258293204562407 0.7190096913027868 0.30226266954411185 -20.061586399210945 0.30168046715035673 -0.13422529548543183 0.9439133573113175 7.254545555326164
0.7156844556824593 0.6859277758910569 -0.13152560439430583 27.47937671845745 -0.6284372468811642 0.7146124561962668 0.30723876726667004 -20.393349772679162 0.3047334117313376 -0.13723040890621824 0.9424995082040856 7.416956511561362
0.7124719971645099 0.6893219488371147 -0.13122134949563055 27.881221787908135 -0.6303094479149719 0.7108769536093823 0.3120319737240866 -20.74219524630824 0.30837269331200595 -0.13960397465375296 0.9409659784494367 7.593985096231568
0.7107673526707292 0.6911739242352515 -0.1307230480455681 28.264193642925488 -0.6311714695854943 0.7086881258089099 0.31525182354543757 -21.081099598767345 0.3105356836406844 -0.1415620330465026 0.9399615632059034 7.765425258616071
0.7101858020941922 0.6914123931813198 -0.13260907779917203 28.645776058860932 -0.6300348214704184 0.7082338536623224 0.3185293207717865 -21.419877460738583 0.31415332957947834 -0.14266665175494692 0.9385914299151107 7.938684072641181
0.7073564124811639 0.6936367678133651 -0.13607012352035033 29.032805368992367 -0.6315427091225765 0.7066318680434297 0.3191006197887294 -21.771311828969807 0.3174913792012478 -0.13978376269865464 0.9379017454603801 8.115152960009098
0.705822250392298 0.6949681345364576 -0.13723841038756815 29.424282521123093 -0.6320160025299182 0.7052977039189158 0.32110888701932455 -22.125242522038665 0.31995435083258655 -0.13990891322493862 0.9370457137741182 8.294994722252468
0.7037817622632055 0.6970439127492916 -0.13719020832586054 29.812430525811447 -0.6321857819669907 0.7025896413911794 0.3266633264059188 -22.478317308722108 0.32408707300316847 -0.1431699796115812 0.9351309461081856 8.480421280873193
0.7041221124327605 0.696590510008762 -0.13774560103537942 30.18714186142017 -0.6308133901037007 0.7027035045613516 0.3290626801584346 -22.82044111264087 0.3260162271587929 -0.14480852698743593 0.9342076163572032 8.656707497398274
0.7024415569025632 0.6984607988282521 -0.13685214683058922 30.605042766969984 -0.6301100415729388 0.69968320258524 0.3367562136902491 -23.197026595799674 0.33096413234787375 -0.15031963371016294 0.9315936405640569 8.854255003200347
0.6997101125764168 0.7009752313380287 -0.1379841362785345 31.011723795434587 -0.6307500031542608 0.6968250249110763 0.34145177420619616 -23.56515465117599 0.3355000051693476 -0.1518837514430927 0.9297155655886763 9.051097570592422
0.697624057835614 0.7029240864581053 -0.1386309527545993 31.391351809260097 -0.6322459093526105 0.6950055155681469 0.34239223029549914 -23.908040645008665 0.3370249919055057 -0.1512121908101543 0.9292733658619615 9.241103127099551
0.6966154453538852 0.704258995775828 -0.1369172254278784 31.78711547360569 -0.6329394719909097 0.6931255113344718 0.3449125197251858 -24.26839560877538 0.337808536010857 -0.15361105849087214 0.9285951733809772 9.439277767192534
0.694632345573508 0.7058722802769428 -0.1386735983354939 32.19652861635733 -0.6330206526886725 0.691363508833035 0.3482834303461225 -24.643162244461656 0.3417174537034419 -0.15414567069656074 0.927075107183272 9.647911656364
0.6942354282094941 0.7061492372689272 -0.13925000315594593 32.6055012179572 -0.6322101666106569 0.6907516841733625 0.3509592739560675 -25.017832984684315 0.34401676663338976 -0.15561308029630117 0.9259789381161628 9.851354825242288
0.6940674129526114 0.7057896997427683 -0.14188539202440964 32.997471325701866 -0.6307235677074475 0.6911720041313258 0.3528016975206564 -25.38263759482511 0.3470709834761036 -0.1553776869930528 0.9248780823073661 10.04994844747803
0.6913992972075129 0.708076760088868 -0.14350767261246744 33.425792856251825 -0.6316559806352913 0.6888583557597013 0.35564713376841744 -25.775169809211295 0.3506818978467055 -0.1552466848572092 0.923537023449743 10.269090124779373
0.6897380768769789 0.7095083658873208 -0.14442784529857433 33.82848106371648 -0.6308355154757969 0.6867650924339711 0.36110975638789694 -26.145095789438702 0.35539836351727777 -0.1579609206303562 0.9212710301978366 10.472626553313608
0.6869764858359083 0.7119122721202151 -0.14575446191735408 34.255684523508876 -0.6313867155249212 0.6840548878686737 0.36526664475641635 -26.540851872595837 0.3597418265548353 -0.15890215090357357 0.9194214947368484 10.701596341361862
0.6837424128044083 0.7141951588420976 -0.14973886093648325 34.656893483857054 -0.6327379318981204 0.6824713412433888 0.3658901117121381 -26.917070264071015 0.36350939483875233 -0.155429116794215 0.9185328899040395 10.919549413000297
0.6842183936862698 0.7134885076541791 -0.15092871708999375 35.04627975676411 -0.6308169939438314 0.6828770560883192 0.3684410975309351 -27.284842140211754 0.36594421375759156 -0.15688576236296503 0.9173176387184874 11.132053902326962
0.68099974534318 0.7164376753760086 -0.15151416633431786 35.473914445458895 -0.631715547702646 0.6794103257492332 0.3732788126669503 -27.679641926045104 0.37037126045118535 -0.15848890772112834 0.9152629982033011 11.368151622504977
0.6794934854805166 0.7173416143783048 -0.15397970621580268 35.867096290203506 -0.6308961320671685 0.67841691888444 0.3764579002279144 -28.042228273799637 0.3745113219304766 -0.15865547560499932 0.9135478477482011 11.585068465303614
0.6791284491075215 0.7174274570128224 -0.15518547610058622 36.28365087664964 -0.6295446847969185 0.6780125528590257 0.3794370355401758 -28.429915388734475 0.37743621424282425 -0.15999027963876264 0.9121101769622392 11.819459985372413
0.6766250481289273 0.7195405051116442 -0.15633343917359763 36.68314856292712 -0.6302074150213527 0.6757103943549313 0.38243178861437377 -28.805884006741014 0.38081125781362346 -0.16024042057191032 0.9106622611354197 12.049123474990674
0.6764371265377807 0.719377211369511 -0.1578904052156894 37.09676449111272 -0.6282657050756156 0.6754857022430039 0.3860068209515174 -29.194560440753293 0.3843371869942429 -0.1619122036632327 0.9088835598233693 12.290732933562714
0.6727828114947985 0.7220314199404713 -0.16135072243885182 37.5227214223394 -0.6286087137683144 0.6728800214658136 0.38997891945167085 -29.598646856601917 0.3901466753573074 -0.16094462947602461 0.9065772765017864 12.543032333088497
0.6698344548107968 0.7243952969792036 -0.16301348201413357 37.968108357805626 -0.6285986178370637 0.6700897609626083 0.3947701683719133 -30.022818510325447 0.39520328293546547 -0.16196059666213664 0.9042030140431997 12.808619050043408
0.6695174443889885 0.7242689693272956 -0.16486658298167275 38.38313679925515 -0.6269603060926284 0.6700380467743731 0.39745413117616707 -30.411141148132316 0.398330541293852 -0.16273765640667862 0.9026899774444935 13.06273403669389
0.6681324835520188 0.7254308760410259 -0.1653758354917656 38.82243347685291 -0.6270480566489107 0.6686338478564294 0.3996742524650679 -30.82849673686483 0.4005118882477606 -0.16333674017022898 0.9016159365282471 13.328289848277343
0.6653132909943277 0.7280091277168727 -0.16541182921077133 39.25337948078634 -0.6278450922650481 0.6654894306441135 0.4036512774037114 -31.230772098155313 0.40394160203400237 -0.1647015400184794 0.8998358434629488 13.59629470644546
0.6623223582656373 0.7302728864820263 -0.1674238437806649 39.69401734853787 -0.6275378140734419 0.6628042259769303 0.4085178648052367 -31.645016666446047 0.4092987146604364 -0.16550570800387232 0.8972638313865009 13.86994044058061
0.6609931515525498 0.731424422619392 -0.167649950945878 40.13914615272284 -0.626401420302024 0.6608414951933606 0.41341235444068675 -32.06827554922394 0.41316989973055745 -0.16824655277335573 0.8949769224708842 14.15601905667202
0.6599717686109795 0.7324970824014326 -0.16698930314700663 40.55367591609671 -0.6274035130664766 0.6596262938104502 0.41383327589225405 -32.456339337125385 0.4132821651502269 -0.16834858866196142 0.8949058972781428 14.423581337080252
0.6572303802579308 0.7353193555693239 -0.16538987588957269 40.98720483127741 -0.627984440308694 0.6556053951956407 0.419305502528318 -32.87235447999742 0.4167539093665438 -0.17171803104142763 0.8926528200604588 14.70337196165834
0.6566858978410044 0.736422285023785 -0.16262222527299128 41.41562837471926 -0.628354997536369 0.6535111868492859 0.42201080752024434 -33.27919087728653 0.4170535691156999 -0.1749440426104917 0.8918861265665513 14.984823910210004
0.6545765509413222 0.7382097227709372 -0.16302172438008744 41.85091834970199 -0.6292041533047736 0.6515157872509721 0.42382697926954843 -33.69625869505635 0.4190843862823775 -0.17485324077504144 0.8909515035532071 15.274136127017487
0.6520020921485731 0.7405536551572095 -0.16270738804006116 42.295212391728384 -0.6293830889717349 0.6482725492995428 0.42850860559742604 -34.124059089552375 0.42281230936774045 -0.17698321323789407 0.8887669287265588 15.569233209323588
0.6523185361666879 0.7404278007802229 -0.1620103010945631 42.71527919035975 -0.6286262037154325 0.6479354663497967 0.430126403953973 -34.52887808357846 0.4234497292671549 -0.17873548986970778 0.8881125557965841 15.842097341307166
0.6512852540740875 0.741809583672246 -0.1598317798602617 43.154184809497245 -0.6288457589201583 0.6454996718878053 0.43345493538642194 -34.95396559019577 0.4247123484441533 -0.18179325477043853 0.8868881518646838 16.132150032700796
0.6516690076310216 0.7411061816271881 -0.1615217338403951 43.597746669651734 -0.6277884548843291 0.6465043515067809 0.4334902251801357 -35.3863736342495 0.4256867510902854 -0.1810906491558614 0.8865646773098046 16.430532016124406
0.6512840155312123 0.7417615879889814 -0.16005941444739452 44.02695533700656 -0.6267870566754282 0.6447468657051734 0.43753795341374657 -35.80259530272627 0.42774661448696 -0.18463828967858745 0.8848398138072461 16.715371202822205
0.648920220406166 0.7441533745825406 -0.1585510678017295 44.50097938343189 -0.6286663691860184 0.641787443379953 0.4391895601039189 -36.25330994882022 0.4285804391750766 -0.18532324566947977 0.8842929729959184 17.034802475676845
0.6487880338989397 0.7447193366356978 -0.15642037963792738 44.94791981303436 -0.629201023515382 0.6406003367429491 0.44015596838166016 -36.682610633166234 0.4279955702020094 -0.18714804586359446 0.8841919255092905 17.330708103553214
0.6468194766468023 0.746223636532401 -0.15740072225487065 45.377603857860024 -0.6296014996923348 0.6389568061445624 0.4419684914071184 -37.099549708825826 0.43037955900389935 -0.18677408105279092 0.8831131513896882 17.621496495239654
0.6446299559987749 0.7479794565395217 -0.15804774873277486 45.821053604788645 -0.6303799279818011 0.6370220856383392 0.4436485148590276 -37.53255542991553 0.43251984271792454 -0.18635897771909668 0.8821546788390835 17.926922208127635
0.6443627302240135 0.7486686108844078 -0.1558593001084807 46.24355053332122 -0.6298279017069143 0.6351561354959239 0.44709450198289197 -37.94066331171787 0.4337205715188347 -0.18992648127965986 0.8808032458324809 18.216118183730703
0.6442010170356235 0.7488026659469248 -0.1558837886910814 46.67093234555475 -0.6284441758404378 0.6343670057867634 0.45015154753854886 -38.35699472418797 0.4359621720135511 -0.1920238087147789 0.8792404686880764 18.51441431273301
0.6431357589816038 0.7494767549974741 -0.15703861847727693 47.10362465276287 -0.6282499461580662 0.6336872329417238 0.4513784353389397 -38.77657944899366 0.4378109732955048 -0.19163809211254393 0.8784055746820133 18.812270982654557
0.6391188083474066 0.752379923630373 -0.15953600781699542 47.5514359118208 -0.6306053479348359 0.631376957166704 0.45133139603275957 -39.21995138987116 0.4403000009306137 -0.18785010773513838 0.8779796162345282 19.12677114594306
0.6363824016346783 0.7544911787303373 -0.16050121047339336 47.99121471207227 -0.63202433875875 0.629293812865317 0.4522549372157004 -39.65706837436648 0.4422247396850539 -0.1863663952606257 0.8773282205919161 19.439129412934353
0.6339229003720219 0.7561489070089595 -0.16242144337715578 48.423594937915176 -0.6322250338538478 0.6276150256435072 0.4543026327075173 -40.08735973721717 0.44545853755364345 -0.18530592371392884 0.8759157301224975 19.750611555024598
0.6320718979808275 0.757537022040221 -0.1631652980170337 48.841397855836384 -0.6325835240517661 0.626028663297039 0.4559892474157166 -40.50891543042592 0.4475748498308045 -0.1850022935586674 0.8749004889105368 20.04631351363306
0.6269406998256262 0.7608605729965842 -0.16744158926952113 49.31497256566367 -0.6328060211462213 0.6227037669085929 0.4602135962886338 -40.987717357342895 0.4544248482026114 -0.1825685721728747 0.8718754120341521 20.393577414997395
0.6262043523752141 0.7613011330661157 -0.16819284263673798 49.734406727269395 -0.6312912735903065 0.6216970252039319 0.4636422464263702 -41.417510207072304 0.45753631645540815 -0.184156102610083 0.8699120698753479 20.71120245759288
0.6224991105107737 0.7640154910665089 -0.16963291331382613 50.17489136172885 -0.6328292865265522 0.6189142311542177 0.46526579985967026 -41.862546032451085 0.4604584614106919 -0.18227885501831803 0.8687648615404747 21.04137720582208
0.6215230883911005 0.7646156328722851 -0.17050549263804463 50.59859941154616 -0.632634973674592 0.61824938682227 0.4664125659838247 -42.30565262062746 0.46204121418816513 -0.18201842461052076 0.8679787841950753 21.369811273780748
0.621435695442548 0.764935551634165 -0.16938540885097397 51.02374878866926 -0.6326744638295921 0.6174809832287155 0.4673759237474873 -42.74210602306233 0.46210468744425776 -0.18327824335554316 0.8676798393840219 21.697374577213928
0.6199485020455426 0.7657865311761644 -0.1709824024170455 51.44568249009064 -0.6328637294490845 0.6168289609289273 0.4679802654355373 -43.17447844485557 0.4638398401867 -0.18191508767360703 0.867040635640113 22.014852468413768
0.6189830332487954 0.7667395290568942 -0.1702076308141668 51.874125344992514 -0.6328078322839809 0.615230223757271 0.4701553095580306 -43.608877994300315 0.4652034977470764 -0.18330942158954944 0.8660157746596314 22.341868651728937
0.6196194602925468 0.7658941515283528 -0.17169161755041032 52.299227479747294 -0.6299265611377626 0.6157326126973542 0.4733559687634903 -44.04053422595244 0.46825665437870534 -0.18514744338560907 0.8639769037172029 22.66438960244777
0.6181656716396473 0.7674828066064924 -0.1698278022744337 52.75109826170883 -0.6308408908086902 0.6132846368989724 0.47531223480715656 -44.50844865904508 0.4689467080365031 -0.18668736838104877 0.8632709724226896 23.00856873810942
0.6169265194318841 0.7687582783868798 -0.1685601301878375 53.189420784020555 -0.6301324748359735 0.6108012604966653 0.47943183067330425 -44.95325352213314 0.47152388651699345 -0.18955898194594126 0.8612389779419292 23.34292651833968
0.6150668117970849 0.7702795661879248 -0.16841123892053877 53.63393995712951 -0.6305757234002407 0.6087710852014667 0.48142706489235887 -45.40153713849979 0.47335728099194496 -0.18991375441546668 0.8601544109836707 23.686828527250977
0.6104687144470001 0.7740960037896022 -0.16764087823091986 54.066021289069646 -0.6318442255923383 0.6035921671469624 0.4862605950253748 -45.84620661354227 0.4775990616537152 -0.19092394267920115 0.8575821504312288 24.028612078085008
0.6080454590824654 0.7766084672570097 -0.16480335776176097 54.491499856753315 -0.6329918520880569 0.5995353587029408 0.489774095665591 -46.287087889892554 0.4791681070624237 -0.19348571520061766 0.8561315106375013 24.369520030613216
0.6082062288399384 0.7771566679148667 -0.16159466318972698 54.911318081103374 -0.6330507033308597 0.5977135095893422 0.4919200782613728 -46.70844949587451 0.47888623930664975 -0.19689122322425254 0.8555125810523903 24.70692695831011
0.6066320781452255 0.7787530242682285 -0.1598167307071825 55.31579764224622 -0.6334941140003695 0.5949898772799935 0.49464355791944264 -47.12398738632744 0.48029446067195075 -0.1988236738172274 0.8542753292098464 25.030296543012543
0.6037436411088167 0.7806092342459701 -0.16168790210225287 55.73946297820547 -0.6329752227583563 0.592715995099102 0.49802621663690605 -47.559486237224945 0.4845988260380751 -0.19833570815317875 0.8519547435121347 25.373552260901054
0.6007948715252647 0.782995666565889 -0.16113176888378897 56.12944584920295 -0.6338095763459339 0.5894015960212055 0.5008903826884912 -47.97762996108881 0.4871662772418323 -0.1988054975118653 0.8503795345587313 25.70054862235883
0.600069977722935 0.7838083596080097 -0.15987687668902123 56.549921658114066 -0.6336339589339383 0.587716203792231 0.503088129273324 -48.41874614858063 0.48828686871140514 -0.20058464662337833 0.8493183700485443 26.048908970528775
0.5982027967827375 0.7857790922557761 -0.15717751286567186 56.964231343816465 -0.6358232006443387 0.5848017349414093 0.5037219314878857 -48.85785339208965 0.48773180066416694 -0.20139074126809564 0.849446537618058 26.39584377887447
0.5968095891668258 0.7867922086373079 -0.1574054419700634 57.38644509119552 -0.6349288290285505 0.5830258725321391 0.5068986190122747 -49.2955937066153 0.4905952852792777 -0.20258068585923406 0.8475124141258801 26.74189641065667
0.595315175351505 0.7878374920768116 -0.15783556801293575 57.808345066605995 -0.6350634308147886 0.5816979197470143 0.5082538390742624 -49.73707100318585 0.4922340074736916 -0.20233560827837913 0.8466203067656356 27.097430539433528
0.5938774678797822 0.7892224781837979 -0.156325210793917 58.1842813798116 -0.6353657573874968 0.5792523378857316 0.5106633718246363 -50.13450865850933 0.4935787115194362 -0.20394776638059567 0.8454497764161454 27.41514744914059
0.5894997877883401 0.7920505324308005 -0.15857519581960855 58.556219296699645 -0.6363387285159371 0.5762775819198572 0.5128129942750114 -50.532072840974955 0.49755709107555185 -0.2013955951831315 0.8437278682609686 27.735156251007634
0.5862645233364471 0.7940914507513274 -0.160352159250759 58.952717602532296 -0.6358630037509575 0.5737005159508676 0.5162808871036177 -50.96613184629746 0.5019683102734609 -0.20071514497502718 0.8412735621531152 28.079857263978315
0.5820723121263828 0.7969077617283058 -0.1616477070937545 59.34622898634712 -0.6367607495461598 0.5703502537342748 0.5188798818923714 -51.4057925389307 0.505695170860958 -0.19909468001316794 0.8394246022587686 28.421668495579393
0.5788896546297447 0.7989659694424613 -0.16291189610081427 59.77582029687195 -0.6362589082664931 0.5675506724692858 0.5225522287400296 -51.879841576197904 0.5099621586561464 -0.19884591666666335 0.836898356123782 28.807102830466043
0.5749658756585799 0.8014018508551898 -0.16483159202555284 60.15625281736191 -0.6362730258940197 0.564619789431979 0.5257006047470709 -52.2966267418924 0.5143645704921401 -0.1973819954563005 0.8345474203489314 29.149799219190058
0.5703721539913574 0.8040132026289509 -0.1680431920823825 60.55125638597411 -0.6350997571196917 0.561425189979341 0.5305186617765202 -52.74519392749086 0.5208876428568547 -0.1958688642449599 0.8308498130572998 29.520649491268642
