1.0000000000000002 2.168404344971009e-19 0.0 0.0 1.6263032587282567e-19 0.9999999999999999 4.705268021997638e-19 -1.734723475976807e-18 -3.469446951953614e-18 6.721206436462873e-19 1.0 0.0
0.9990476149510699 0.04357851456297445 -0.0022168862620634893 1.0015462036530802 -0.043581557653799174 0.9990489658700513 -0.0013444539529035569 -0.038623681615319205 0.0021561876628506307 0.0014397898893120963 0.99999661908367 0.01600556636234541
0.9970705642232831 0.0759924006727161 -0.008693874573340673 1.8322169808124862 -0.07600156457011098 0.9971074301180832 -0.0007286399583836048 -0.09335849422138306 0.00861335427670091 0.0013872545209223876 0.9999619222610086 0.022827790982617124
0.9934009241429514 0.11387095562661384 -0.01371669902881988 2.687483194643036 -0.11388770960509756 0.993493526854105 -0.0004445558215900893 -0.19631137166364637 0.013576827667592231 0.002003786511293632 0.9999058030179817 0.02346958042221274
0.987659234020828 0.15584224756471263 -0.015574651938515918 3.5743742555821014 -0.15587626043983105 0.9877760941270941 -0.000987538504615183 -0.32846542605538276 0.015230366418847823 0.0034030707776807265 0.9998782002658938 0.042396901098836724
0.9806002686225402 0.19501762017306046 -0.019783312540466703 4.37454650348298 -0.1950334884035512 0.9807959165180585 0.0011421351170470885 -0.4876426982478956 0.019626125983553185 0.00273843122860405 0.9998036189633527 0.058995160292273
0.9698050848395714 0.2432236177364015 -0.01790272745043725 5.222629489874516 -0.2432502619196272 0.9699633020149531 0.0007062225314902384 -0.6846966454640063 0.017536756121092203 0.0036699455850331356 0.9998394641156575 0.09843689995310304
0.9578667433261815 0.28672148015941357 -0.016799800609721492 6.068053940050105 -0.28676825445599097 0.9579999001622166 -0.00039427836534925006 -0.9364552003032212 0.015981156812334533 0.005195316097389809 0.9998587758461295 0.13076220303896488
0.9462462430557054 0.3229599430467002 -0.017749961855483026 6.902677055670287 -0.322980351976856 0.9464039897239779 0.0017822461740539166 -1.2139697650704924 0.017374226266884396 0.004046445709064517 0.9998408487642838 0.15674072963412616
0.9326054544003016 0.3605079156188231 -0.01677043990521775 7.748163686211202 -0.3604711438776476 0.9327554763088552 0.005269893486843622 -1.5327166501186145 0.017542555355815292 0.0011305289845190635 0.9998454585458375 0.17726636828418732
0.9163456207614883 0.39985236019720505 -0.020710669028386055 8.537580811790384 -0.39985977968546843 0.9165677641156689 0.003960593878953537 -1.8682249798205612 0.020566381494841756 0.004652091082862702 0.9997776464392961 0.20369347313616318
0.8979409541578562 0.43982343370959526 -0.016047693342536133 9.284997638654797 -0.43981065842189654 0.8980792228765191 0.004504454016537611 -2.2271377399708503 0.01639326180792897 0.0030132133142995506 0.9998610612638898 0.22655666451558504
0.8756322767203016 0.4825498785744705 -0.020343773224772804 10.160782501515861 -0.48255666339033065 0.8758510588522312 0.004897474348908526 -2.692773916227228 0.020181388017840286 0.005528636914702526 0.9997810290610998 0.2655255765684685
0.8533318384351631 0.5209483387456704 -0.020922244779823188 10.95799162533301 -0.5209835516191798 0.8535565779597437 0.004159698775078172 -3.1672713805261616 0.02002530485401988 0.007350541978628375 0.999772432615071 0.29994723071767576
0.8249235889654084 0.5648383406872026 -0.021421011035742343 11.766884222745006 -0.5649086246723645 0.8251472912961779 0.0031920788430209856 -3.7006419154057135 0.01947849479637623 0.009467692487034347 0.9997654281672131 0.3220722042730613
0.7965573845368491 0.6041123851957707 -0.023338758504401466 12.589543312576165 -0.6042049818485479 0.7968205571585903 0.003651784338026474 -4.3111139482418475 0.020802887606874917 0.0111925379048041 0.9997209246991872 0.3505624646268449
0.7679969037469423 0.6400470924347452 -0.02281696203648368 13.378473343448565 -0.6400486157871228 0.7682907436376901 0.008191373487687937 -4.947447729101403 0.022772922226722656 0.008313015210603956 0.9997060808609182 0.3743232701130573
0.7457104232648979 0.6660953542276077 -0.015267028726001258 14.068445727306981 -0.6661118085305773 0.7458369770579699 0.004717851114056621 -5.555748956990608 0.014529250677874039 0.00665139718252068 0.9998723019011941 0.40624897087861145
0.7172648391320311 0.6966566093961298 -0.014172423406938512 14.817428304351301 -0.6965286296283147 0.7174047300821024 0.013353549861711922 -6.251908560305057 0.01947019932883609 0.00029346717677604557 0.9998103747881618 0.4281341647885839
0.6900297102099262 0.7236274322105708 -0.014915657396738764 15.569716005817247 -0.7234994702333574 0.6901895160273338 0.013672763728936652 -7.020918337568668 0.020188614163571407 0.0013568572031335303 0.9997952485962402 0.46092779515886806
0.6591431278147001 0.7518786460099393 -0.014456043184438175 16.220607836997335 -0.7517823485247226 0.6592959064875329 0.012337101175568794 -7.7514022965517375 0.018806810027637556 0.002735882633907542 0.9998193732678574 0.5008932391764578
0.6228970907416415 0.7819637384392748 -0.023066524820801924 16.74678015296892 -0.781838467110225 0.6232727071503744 0.01611644496030775 -8.406364820321569 0.026979207205185315 0.00799540920217329 0.9996039996564654 0.5189221871131905
0.5881095526972155 0.8082652582194287 -0.02888883586088341 17.31551942052985 -0.808191675561136 0.5886694122282076 0.017162010096763776 -9.15282252132881 0.030877426487470546 0.013254573534266878 0.9994352711070732 0.5541314166716572
0.5543102016242416 0.8317454381795398 -0.030657216091054193 17.806163170479522 -0.831644286764087 0.5549639423945663 0.01956524634434628 -9.893737933828545 0.03328694962443101 0.014650681742449632 0.9993384295763449 0.5952478318482386
0.5234991671962821 0.8514765640553065 -0.03060100104578822 18.298903616262287 -0.851418474984784 0.5241445038522965 0.018950342107623305 -10.691266838679303 0.03217511451764249 0.016133767930658974 0.9993520019778164 0.6325764012766033
0.48934568892885205 0.8715393776675805 -0.030984647120622814 18.709587455537044 -0.8716872715616447 0.4898904328789559 0.012986928084268313 -11.415486959116935 0.02649769772744102 0.020653823388964303 0.9994354666077725 0.6772858490430079
0.45543906777940385 0.8897362487652067 -0.030737625625307772 19.124729184023042 -0.8898320427762603 0.45602422922910374 0.015518825168515878 -12.208284243695731 0.027824759528926844 0.02028344306234649 0.9994069866744113 0.7082653117827452
0.42643817235183823 0.9039285011098257 -0.03261730366237263 19.51997966933969 -0.9039186676689636 0.42719012315092086 0.020967518972171976 -13.024863744453556 0.0328869237327747 0.020542037263439953 0.9992479348346911 0.7440440034434496
0.3998334839733023 0.9159943411365646 -0.03298015395957708 19.912022416956013 -0.9160364627649744 0.400582015154977 0.020279150608271488 -13.908843570694499 0.03178683960203147 0.022102738022284567 0.9992502319834435 0.790823864101699
0.36665237987435806 0.9297672819883542 -0.03315074859023871 20.263002461833587 -0.9297552896210041 0.36746453700210396 0.022910944929740575 -14.775032704056715 0.0334835672057464 0.022421729183826625 0.999187708644636 0.8373963589325639
0.33073579415952536 0.9430629361223009 -0.03530256973208461 20.60978734160649 -0.9430683121683779 0.33166842852086553 0.024863789662231177 -15.712691030456101 0.03515686190101977 0.025069387161411088 0.9990673056443977 0.8751306714656758
0.304126417722898 0.9519303521682317 -0.03654948863580842 20.95499077642664 -0.9518620022472173 0.30519890904829217 0.028501763517931256 -16.727465172877114 0.03828655317064377 0.026121927596107913 0.9989252950365747 0.9358499392873053
0.273880377737638 0.9609297717917804 -0.0400456093738215 21.22433066845596 -0.9608365539553761 0.2752069297551333 0.032469344432736115 -17.680875606069527 0.04222158394036056 0.029584566050156448 0.998670141548311 0.9882267187706621
0.25114324651911335 0.9671544573156803 -0.03923600231786072 21.439086732401037 -0.9669685454148438 0.25250726093920955 0.03481251615813108 -18.542954933862585 0.04357645053788897 0.02919704882080166 0.9986233452196114 1.0379625158112091
0.21908027274574451 0.9750264330338771 -0.036433877566349214 21.68700608428735 -0.9747216630970017 0.22038401466903737 0.03672276538815481 -19.60464578814878 0.043835106036745376 0.027467653443467605 0.9986610895654188 1.1030957761843116
0.18420281219175555 0.9824088847529806 -0.030696019199380052 21.898347920197498 -0.9820809745536012 0.18522723369862584 0.034753809088849785 -20.66754281172511 0.03982818479612418 0.02374422452525304 0.9989243654133543 1.1483221323184785
0.16125832473653476 0.9864228726225646 -0.0310774440044368 22.111869652261447 -0.985987178257901 0.16239035391826073 0.03819231853795499 -21.862248178188004 0.04272044870166138 0.024483129365670698 0.9987870143119226 1.2074388498250153
0.13814863545193712 0.9898973856188007 -0.031910169593188195 22.27394389311018 -0.9893826269211876 0.13940167885813085 0.04109970082671317 -22.971080856499015 0.04513281242129567 0.02589349702814072 0.9986453406357685 1.2626654996924236
0.12198489847862314 0.9920150513645773 -0.03203062386107871 22.423011303022513 -0.9916836244536188 0.12315113627145684 0.03738158043159317 -24.097499872526758 0.04102769333141128 0.027204253932661973 0.9987875736445679 1.3231999909513201
0.10947643287500489 0.9931163216130787 -0.04165358143434144 22.5341276750815 -0.9930591391510151 0.11109045505453562 0.03863227762379073 -25.105198181502637 0.04299365577725523 0.037135141956879045 0.9983849393463834 1.3750245331943918
0.10082817104255339 0.9942699000860804 -0.035513154783316306 22.65192573342476 -0.9938873539848527 0.10227410849283906 0.041568380422667625 -26.207263401611726 0.044962260540528355 0.03110480836489516 0.9985043046189641 1.4533961206094053
0.09272680497283911 0.9950191987722691 -0.036587869161170475 22.774660995610674 -0.9943864908808661 0.09442351871988602 0.04774622284718493 -27.42409293120929 0.05096315807915002 0.031955124742937976 0.9981891538381867 1.5147939033966955
0.08281248617670532 0.9959415426265764 -0.03525158520496025 22.890108366802803 -0.9953891835353332 0.08438091709252483 0.045609539149912934 -28.596520356012505 0.048398990425823636 0.03131200394170977 0.998337145684687 1.5834223608263234
0.07513297270425154 0.9963631331079204 -0.04019554517138642 22.994060748976562 -0.9958804086500056 0.0770267244047489 0.04784444925540304 -29.808711600827262 0.05076657089885952 0.03643525645298686 0.9980456841674678 1.663482757818782
0.06481789257031417 0.997088920472865 -0.04015549686698072 23.083268963087693 -0.9967051443683899 0.06665425068546736 0.04621755061798651 -31.104491626028707 0.04875953674500727 0.037027462208663035 0.9981239577015126 1.7381055088190405
0.050429894345319345 0.9980967572464069 -0.03549404719331916 23.157312139696362 -0.9974017508151695 0.052161767414956185 0.049687960523277425 -32.291583840959504 0.051444818820468155 0.03289606269400952 0.9981338787931675 1.815739994083202
0.04007561909350606 0.9985916007963743 -0.03476921093210986 23.226812311888168 -0.9975203867654409 0.04199890860792141 0.05647269776669939 -33.62983709415842 0.057853424339686266 0.03241981492009173 0.9977985253605317 1.9002702128271145
0.027283942054186622 0.9988124782732427 -0.040365309453559865 23.266654195083255 -0.9979608825554158 0.02954717083922187 0.056577712171786844 -34.63366239819919 0.057703199388746955 0.038739332770082346 0.9975818588946793 1.9634011797431858
0.027333095554584356 0.9987907813355212 -0.04086582266659644 23.2946792350863 -0.9974336160121665 0.02995663730275478 0.06502905089562185 -36.012174260583755 0.06617461222954849 0.03898349593458672 0.9970462216266202 2.0663679997896645
0.025607883092351427 0.9987711793451868 -0.042432370763226264 23.327647159778255 -0.9975857605588193 0.028272272156852494 0.0634296845912957 -37.267450941924366 0.06455139360985908 0.040705624683585004 0.9970838129370453 2.1680624949119007
0.02101947643181949 0.9989975518407809 -0.03952482109122623 23.35514195427639 -0.9980059876810746 0.0233192165287022 0.0586537178974236 -38.57420300829731 0.059516602078815414 0.03821313365206406 0.9974956094201188 2.2756926200991705
0.017162392012353585 0.9992313242589842 -0.03524700520166278 23.3724859362671 -0.9981169621482365 0.019198238566763996 0.05825764703358484 -39.732991301866726 0.05888953989707514 0.034180789508514824 0.9976791348114975 2.3548577219919697
0.01850887568977628 0.9990913514792124 -0.0383931162550853 23.397152853204172 -0.9979564500078848 0.02080945241724158 0.06041429059200379 -40.877241911824264 0.06115832845270946 0.037196453475659016 0.9974347312123418 2.4389294409778133
0.01447215630201444 0.9992134953271311 -0.03691999327928585 23.39974130969536 -0.9979307264291967 0.016747332524156288 0.062078885555408296 -42.05733285255369 0.06264836498995219 0.03594517654963283 0.9973881325571476 2.519541202226344
0.0037300186273852157 0.9995215683528993 -0.030706022439170845 23.424759773837213 -0.9981525128980782 0.00558354557767459 0.0605010821722567 -43.217503860255434 0.060643578561502265 0.030423619933983567 0.9976957051367418 2.598701878174844
-0.0005844630074100047 0.9996581512395295 -0.026141490374381356 23.419050068487632 -0.9981697428899403 0.0009976243144591006 0.06046623069729039 -44.608071977607075 0.060471633341584896 0.02612898200778302 0.9978278499717127 2.6868721916159704
-0.0036854882480497424 0.9996373346633077 -0.026678732714399737 23.40908154547041 -0.9975899894547314 -0.0018268207030303506 0.06936044691182514 -45.95500354913612 0.0692865478203584 0.026870060738379425 0.9972348441796375 2.7892036673405896
0.0018979276130121536 0.9997149118010633 -0.023804021698087395 23.38115166755429 -0.9970405409869645 0.003721220273959857 0.0767874213532019 -47.24565867246469 0.0768541023113054 0.023587834935520673 0.9967632724573628 2.905152094679878
-0.004131755698232604 0.9997373771855796 -0.022544261100851087 23.37712724826923 -0.9969982894376258 -0.0023753428269044858 0.07738710832485705 -48.62858175634008 0.07731322645782251 0.02279633167299082 0.9967461826342098 3.040552451241535
-0.007496365276745881 0.9993256388991855 -0.035947328162294775 23.362825419758718 -0.9965163733823185 -0.004479689610893399 0.0832769229253944 -50.0716728213313 0.08305972294037076 0.036446371429276446 0.9958778563426547 3.162119387583127
-0.011273729975085169 0.9992866604019535 -0.036044580879727076 23.363944358903623 -0.996890448358375 -0.008420634341154037 0.07834872570189512 -51.40459674109623 0.07798931026630407 0.036815776837610635 0.9962741722934316 3.2989160128064214
-0.019502152115442446 0.9990284544078007 -0.03952153592742429 23.340277450860462 -0.9968125952755589 -0.016370008241163803 0.07808116712863344 -52.890229456032266 0.07735833195545232 0.040918311295643744 0.9961633102040628 3.4440957033673607
-0.023841421808236833 0.9990699298656557 -0.035930492621609605 23.304917266030184 -0.9968873470534801 -0.021056973955302965 0.07597510817695734 -54.4314263079389 0.07514785085538919 0.037630004049364466 0.9964621134925271 3.573581833650923
-0.02590309907160273 0.9991177522710248 -0.03305881139753167 23.262123043413435 -0.9973449614207627 -0.023577394272958758 0.06889942189812119 -56.1243984982616 0.06805918783184128 0.034755743756959785 0.9970756969992316 3.7143402102167764
-0.029759870542293575 0.9988758631985039 -0.03689848886317011 23.218991353751512 -0.9976935561614244 -0.027431060976131353 0.06208945818474077 -57.451762599595504 0.06100748998071121 0.038661154691909845 0.9973882702353556 3.8187167781650984
-0.034640995484067044 0.9988582535829739 -0.03289877105121391 23.191103179449218 -0.9974391606773789 -0.03249331772834303 0.06371264380161049 -58.88054811900248 0.06257090330477127 0.0350215881850865 0.9974258522514604 3.903401903482165
-0.03832956172194361 0.9987022861202727 -0.03353694756504404 23.136946665142887 -0.9974210280437517 -0.03619923464544418 0.06197502849704672 -60.30803480634469 0.06068058438194937 0.035825928517760404 0.9975140750103922 4.016029850662207
-0.044098042119145954 0.9983637194936597 -0.03640583381382006 23.07737121464532 -0.9972737345612407 -0.04183326567573177 0.06078710527044431 -61.891612909619845 0.059164659307016546 0.038987170014316196 0.9974865933847396 4.129359522917716
-0.04911923633571142 0.9981427506485547 -0.03603454460888632 23.01176093972124 -0.9975527578455148 -0.04722898694172734 0.0515549613252342 -63.506112329552515 0.049757330402048335 0.038478695558459404 0.9980198186300281 4.238560562097103
-0.051512983690961786 0.9979505132822257 -0.03796477323299971 22.936822085540992 -0.9975244770489907 -0.0495944551168012 0.04985281977767921 -65.07628006517714 0.04786779954187086 0.040438853760991045 0.9980347354638763 4.347788732927424
-0.053342324069130496 0.9982816846318227 -0.024257226700302226 22.859116259849536 -0.99724201011553 -0.05199998649791011 0.052956308358258694 -66.68989187196271 0.05160393163364722 0.027015134944936514 0.9983021471692775 4.461241225843249
-0.0574977934498793 0.998135791368109 -0.02047154595992927 22.7764809512324 -0.9967651467916298 -0.0562413281434539 0.057412116143735925 -68.1294021522992 0.056153735029653755 0.023706390660991394 0.9981406340806794 4.552648673000363
-0.07022868301213385 0.9973731502953354 -0.017744565589931063 22.68271136904707 -0.9961425987498627 -0.06918166582089748 0.053979773990783304 -69.66559680475655 0.052610372931275524 0.021467043448978755 0.9983843323212381 4.645684531737711
-0.05991516980642954 0.9981100819266149 -0.013659254706925366 22.593967396072237 -0.9969205877310401 -0.05913902810487596 0.05149672846685188 -71.09004774740743 0.05059160328899144 0.016702625218773942 0.9985797275662988 4.730653482651396
-0.06909096659848135 0.9974895316923592 -0.015530967589984354 22.492281851555855 -0.9963876379016449 -0.06822736373495665 0.05056379934833896 -72.65357609842093 0.04937721813856539 0.018968363433558542 0.9986000459826155 4.83093762829016
-0.07585417028188261 0.9970061346179873 -0.015001694590371852 22.381169271128883 -0.9959904989131083 -0.07504418463174518 0.048695917259610665 -74.17272491360312 0.047424333056279674 0.0186353312511472 0.998700964945093 4.926629219556977
-0.08665088099491304 0.9961996421656534 -0.008833811604565095 22.24288423846103 -0.9950019203805239 -0.08609818880032162 0.05057940543693979 -75.72363311633956 0.04962660499136987 0.013172407586871476 0.9986809540961161 5.0216314407735565
-0.089321443587109 0.9959930777437299 -0.004428008324594574 22.118076424045245 -0.9945346498502696 -0.08894758433051439 0.05467315080501936 -77.18999533305984 0.05406021328646679 0.009287290833668159 0.998494466628296 5.104437155968905
-0.09110353855161665 0.9958363282202815 -0.003207976894764163 21.97969567638159 -0.9940050360368886 -0.0907395176908029 0.06099446034292782 -78.79248683793729 0.06044940278941507 0.008745554773001273 0.9981329296707168 5.209331498141296
-0.08796493681829348 0.9961153847631282 0.004055685440713587 21.838332541689017 -0.9949563777495692 -0.08805817111446808 0.04803707740290145 -80.35132179283545 0.04820760278060804 0.00019034754566590525 0.9988372996243641 5.320563537693023
-0.08556898594467122 0.9962214872509265 0.014860532951005555 21.71331993850133 -0.9948461339275709 -0.08624618520951556 0.05331755129553769 -81.97664715527588 0.05439774868307316 -0.010221614886389067 0.9984670068891912 5.403656211226524
-0.08689673771907258 0.9961561092574932 0.011049951058311885 21.568326205211598 -0.9944591690281599 -0.08739672796966007 0.05841890966117124 -83.5712176024601 0.05916007706643919 -0.005912312782338223 0.998230980363758 5.525056708219856
-0.07658539623103457 0.9970148862412161 0.009804700565836611 21.435293906600783 -0.9953826686357578 -0.07702329229302636 0.05727784348141535 -85.2985896923989 0.057862046769332605 -0.00537278301724251 0.9983101106696485 5.655666289597903
-0.0781676499286849 0.9968600078902248 0.012652336913129576 21.320652463981535 -0.9951280791531291 -0.07878413418916384 0.05927193442978433 -86.86963903125736 0.060082618089728576 -0.007957548026184234 0.998161668644828 5.7638440062468055
-0.07315360171634575 0.9972700320022329 0.010058443310342302 21.210638578972045 -0.9958284947447237 -0.07359192681380117 0.053942870634318844 -88.37849533797828 0.054535822683270195 -0.006070369463959405 0.9984933424804407 5.878331333816096
-0.07693160822349464 0.996926430379589 0.014810756982454222 21.081484769532643 -0.9950355159153896 -0.07770936838238654 0.062173724856934544 -90.081068266268 0.06313355754629736 -0.009954104515788815 0.9979554248731604 5.986196852784731
-0.0861437454828441 0.9961036309487701 0.01889311992496751 20.92619265036551 -0.9944353371585524 -0.08712285131690947 0.05922807542668079 -91.87486775169305 0.0606433170797346 -0.013685857456398547 0.9980656520080143 6.0925795901748385
-0.08856420904398314 0.9960107202867007 0.010916245051153144 20.772187115366687 -0.9943748422322701 -0.08904732454516044 0.0573519228699214 -93.65856175073249 0.05809518626194402 -0.005775512083873617 0.9982943218872339 6.220500854348883
-0.08534565116197435 0.9962319521127204 0.015432299668301255 20.617170231609723 -0.9942107987095752 -0.08616682551685079 0.06418848681498902 -95.28757838448166 0.06527636700713443 -0.009864750735183645 0.9978184418631557 6.348243949928941
-0.09403615530010878 0.9955026782304167 0.011478570820300578 20.48385461461996 -0.9933273678336692 -0.0945914373969798 0.06597875577629972 -96.93838722824898 0.06676779568370092 -0.005197590390674301 0.9977549833664594 6.470815848987926
-0.116076896418061 0.99321661314343 0.006859442359249723 20.325343946482686 -0.9908376142561378 -0.11627340813744566 0.06871180877613753 -98.63256431054228 0.06904327364631678 0.0011792590528562756 0.9976129490093938 6.639698330591827
-0.11723510488574089 0.9930967584192095 0.003859670364519035 20.106140211243368 -0.9905723022402741 -0.11721267079947754 0.07090627453502749 -100.54232687137694 0.07086918641607025 0.004489420729406025 0.997475495356739 6.788960690262306
-0.12812787667213552 0.9917304084603424 0.00736088379256511 19.876088129346385 -0.9893927736782523 -0.1283310724835643 0.06806666701443191 -102.37058620974119 0.06844840656412622 0.0014384312940151941 0.9976536006416143 6.9260876796266935
-0.1261603862099169 0.9917816818097009 0.021278887041404692 19.639740053061313 -0.9893496631913111 -0.12736295333385275 0.07046926983656596 -104.25530723249874 0.07260026546078782 -0.012161829234654316 0.9972869455094775 7.080443331295071
-0.12797780025570657 0.9913843654615243 0.027908081549906632 19.410686858172923 -0.9885546700432035 -0.129777980073461 0.07692422345273459 -105.93981830294712 0.07988331888508345 -0.01774407076662584 0.9966462580251161 7.216997205636916
-0.1276360329481876 0.9910970930540776 0.03789107663607832 19.184606521336413 -0.9885937109506023 -0.1302072693196132 0.07568710336132069 -107.7426017860707 0.07994695371512331 -0.0277984768928036 0.9964114057923291 7.383852149464502
-0.1407296636745824 0.989411928264418 0.03548713042441925 18.968353209470386 -0.9863290684320125 -0.1432148145563231 0.08151368957185641 -109.51567833407397 0.0857328910623026 -0.023530593007655125 0.9960402315678524 7.545544523859041
-0.14258743402120816 0.9886385369222628 0.047568954446046086 18.712394335676724 -0.9864155398259254 -0.1458988064530547 0.07548454805775055 -111.38473454871966 0.08156717867393873 -0.03615960559963334 0.9960116658980387 7.7219155947192775
-0.1528630552120251 0.9875216400404754 0.03786865799906204 18.41298335076873 -0.9851459383424743 -0.15530484691141938 0.073265821657353 -113.349076181516 0.07823276263835545 -0.02610651589888849 0.9965932194213071 7.924165554244876
-0.17224485376032767 0.9840176812446679 0.04517800135669305 18.138030297919645 -0.982363604784897 -0.17498109846155915 0.06590416606853812 -115.03396410689744 0.0727561536197864 -0.033029568862932374 0.9968026635247904 8.08770702531628
-0.16866669638729595 0.9842332180239015 0.05326027153278489 17.787513000937256 -0.983394537876048 -0.1717029317434196 0.05876463252883781 -116.97199346099102 0.06698304128311165 -0.042464220893121504 0.9968500501295763 8.245551830756929
-0.18698335162885257 0.9813023723500337 0.045640099577804 17.45985181568346 -0.9801100253669387 -0.18949782663270093 0.05894834863405878 -118.70971456989984 0.06649484723318921 -0.033709957350128654 0.9972171450520799 8.38610272967252
-0.2002481228097448 0.9785599672201843 0.04817902366009904 17.068941174085342 -0.9765215189584475 -0.20333362409146488 0.07114180384906157 -120.61386590888254 0.07941292881316549 -0.03280183878150811 0.9963019554476447 8.522321818137998
-0.21388223177698987 0.9752611472262183 0.05585896612657541 16.668712110748178 -0.9733566629460861 -0.21760470373840984 0.07228413061910241 -122.46308970031785 0.08265106974530524 -0.03891040325754815 0.9958186288211449 8.68457084810188
-0.20619797409722898 0.9773211485837764 0.048227652490266476 16.228554456262607 -0.9754768718425406 -0.2091867800459649 0.06845260757833876 -124.46015188926772 0.07698876069677528 -0.03293016866709484 0.9964879803775181 8.87201631784364
-0.21600089747034854 0.9753114834722725 0.045948459764766345 15.825207909579143 -0.9730549226604954 -0.2189119851109647 0.07239928308302118 -126.21608126392192 0.08067051271654438 -0.02907206327030726 0.9963167387102309 9.024898258992128
-0.22425940675647152 0.9728281282260108 0.057561183701752804 15.423921065845374 -0.9711626623790462 -0.22799997677187617 0.0697071712440542 -127.93563105369518 0.08093703744783928 -0.04026878100770381 0.9959054079400583 9.167710909893245
-0.22471881971031418 0.9730620900622509 0.05149523674401765 15.053600909102574 -0.9712722187034921 -0.22792584105643174 0.06841114005405408 -129.51162129730483 0.07830537427465878 -0.034642620150868095 0.996327314464339 9.308999146159818
-0.24018793378744424 0.9692602228670723 0.053333997470907925 14.600157545942864 -0.9678271931402518 -0.24335200933224652 0.06395560727724624 -131.44573329446277 0.074968554123856 -0.03625672573391943 0.9965265305302048 9.485592801118145
-0.24445584479775062 0.9685731611065707 0.04590762446346162 14.164669743236315 -0.9671501961945568 -0.24695401632725716 0.060284390605267565 -133.13496057578553 0.06972690798573775 -0.02966269477951925 0.997124988735163 9.634483230543822
-0.25784537381276285 0.9654492095804499 0.03773228563811303 13.73215501049729 -0.9643381570778832 -0.2595701137688698 0.05172301974584491 -134.8384160717594 0.059730116060104775 -0.02305014042798073 0.9979483777133114 9.789597290818426
-0.2680937236997631 0.9621389278943426 0.04913834753789628 13.267441874958807 -0.9618416060785682 -0.27020693384169464 0.042999228482050164 -136.49882460179973 0.05464874812035222 -0.035735481736478905 0.9978659479072692 9.90897735295947
-0.27863706122853055 0.9590479045404673 0.05087871226850907 12.795344433101155 -0.9590854476570847 -0.280633087303563 0.037418849967110465 -138.11692033875363 0.05016471446039428 -0.038370751824098055 0.9980035807282924 9.991283414447457
-0.27569361465562503 0.9597380307976425 0.05381525373362072 12.285727574341403 -0.9590741686084762 -0.2784003141206889 0.05167204404165827 -139.90314859847345 0.06457380279075811 -0.03736716490098078 0.9972130561215772 10.101427654272145
-0.2888433618100139 0.9551328071065834 0.06550550803270049 11.754372796117304 -0.9550587275920083 -0.2922268813506177 0.04966158068776246 -141.77045790482404 0.06657586858228641 -0.048217186068394154 0.9966156315295744 10.2371305033177
-0.2980170258944012 0.9519593729043839 0.0704226034180954 11.159235635368555 -0.9517793067395748 -0.3019665636433776 0.05415110002322819 -143.77689676433928 0.07281491153558618 -0.050888823493948646 0.9960463225274209 10.40294213212595
-0.3168071310725493 0.9458821394616668 0.07028768316451199 10.575050137275 -0.9457158955667009 -0.3206755370895736 0.052807581981829596 -145.58857969382805 0.07248928198174488 -0.049742357413801515 0.9961279848471386 10.542985554258847
-0.32542348858495085 0.9419687372846927 0.0824293000765887 9.867642222749627 -0.9430171218346145 -0.3297093430443668 0.04483807495859855 -147.63369713480498 0.0694137683113511 -0.06314087410939796 0.9955877254689571 10.702217126875086
-0.3335102214284085 0.938776310013738 0.08642980050537116 9.200716955979264 -0.9399483132341525 -0.3381782562698974 0.046180421874469385 -149.56032583775072 0.07258175808503041 -0.06583789781689418 0.9951870276100219 10.848261260077503
-0.35051033779870605 0.9309804434938722 0.10206887568609903 8.56177687975544 -0.9327326810210782 -0.3568402363184045 0.05171834712592434 -151.4349634659797 0.08457104326008252 -0.07707515512802954 0.9934319903359383 11.005502276983128
-0.35608075946816475 0.9292630498427896 0.09837080557302769 7.851034030420044 -0.9307409112920579 -0.36207139327323046 0.05124117631741333 -153.32450295021192 0.08323377833166667 -0.07331173095890885 0.993829708032204 11.216587847994985
-0.35839007834085085 0.9281547975337375 0.1004259031205568 7.0771161599427295 -0.9301506607277318 -0.36420565647969044 0.04662600203687617 -155.3282724928551 0.07985182166881187 -0.07670091804026875 0.9938514054258235 11.413598841409573
-0.3646360958133209 0.9251566523202185 0.10547902518178251 6.271360784714047 -0.9275742155641821 -0.37081578000348936 0.045844605471932504 -157.39491681413267 0.08152672079878 -0.08112302013004048 0.9933641878584668 11.61004123471436
-0.3711978246159442 0.9205078431862571 0.12197386641657953 5.522234312837169 -0.9237726026494201 -0.37939968857787765 0.0519620133492436 -159.26601770057434 0.09410827875963397 -0.09338792269820127 0.9911721788276475 11.81517564118574
-0.38675678093329224 0.9119176215640307 0.1372063494840978 4.7608233800071 -0.9167458664247243 -0.39632853015463426 0.05000708458437883 -161.15390668704507 0.09998112295360521 -0.10644276653781584 0.9892793704629873 12.028525184052777
-0.3906578923717843 0.9093576048301595 0.14302201271421416 3.954872248527783 -0.913648368254761 -0.4019968842965729 0.06037516154215278 -163.0358662706955 0.11239700521315246 -0.10708578698880192 0.9878762613622397 12.251838537512219
-0.3888704218635406 0.9094984016577127 0.14694417592191794 3.128752249159395 -0.9138977820185797 -0.4009786639718612 0.06330048175837484 -164.95033114243049 0.11649315538994703 -0.1096762629911027 0.9871172282979022 12.531682262284969
-0.38522266114761555 0.90983468213945 0.15428704083684022 2.327324566516428 -0.9150404698212673 -0.39826565958380905 0.0639171253697204 -166.87100762874562 0.11960123632059265 -0.11655655218614255 0.9859564263860737 12.82859079530625
-0.39536759460845244 0.9032355323878729 0.16688372185793146 1.468287880291483 -0.9105242264402973 -0.40932687976116705 0.058284942311592695 -168.9129380667167 0.12095501273728644 -0.12890768421913068 0.9842523325661545 13.112856832244839
-0.40863812170820996 0.8953756689339009 0.17696732868975765 0.6424721793120427 -0.9027833114441117 -0.4250287708271466 0.0658242544746934 -170.81172212026388 0.13415362962910626 -0.132864840881556 0.9820130844514179 13.375985767440923
-0.41518140876898796 0.8936931729825859 0.17010893225386337 -0.20842353040068873 -0.8994322148747178 -0.4313044472881017 0.07069766986998163 -172.69648244217902 0.1365507512703055 -0.12364908592298567 0.9828859324442778 13.688295075576574
-0.417920089539565 0.8934715210704963 0.16447363998783773 -1.1140044018580944 -0.8994217973009182 -0.4324214304158229 0.06365636643023237 -174.63646387886607 0.12799706531312394 -0.12132789312059761 0.9843252785238612 14.006631638288848
-0.4249177189608904 0.8894346231354596 0.16837791344647926 -1.9833160306798883 -0.8946432608162483 -0.44098538710681856 0.0717308871010261 -176.50920668169417 0.13805212111648624 -0.12015843131052585 0.983109110709063 14.301853020277571
-0.4246787302700053 0.8904150965716336 0.16373475595980763 -2.8775427211762485 -0.894781325769323 -0.44034840965292854 0.07388946542376375 -178.4123749605128 0.13789262213546474 -0.11512750879489597 0.9837333184345335 14.627284085845467
-0.43402794030942726 0.8845942148835076 0.17062520470616252 -3.7263848519139575 -0.8907590717818323 -0.44971197294243526 0.06563088724503979 -180.20843456520944 0.13478888815106696 -0.12350030057226077 0.9831477974895192 14.940466141364269
-0.4445653288688295 0.8791610216020725 0.17157419654185324 -4.6521439553388575 -0.8829151261271231 -0.4623880204523202 0.08159776055806474 -182.1038961787544 0.1510714097663619 -0.11520990927224234 0.9817861611754455 15.264372862457591
-0.4676964944023477 0.8669188366750835 0.1723712800825809 -5.640641706306501 -0.8703987683408402 -0.48565722897830516 0.08088903474416487 -184.08038533702634 0.1538375720651675 -0.11220022332604551 0.9817051856976269 15.629996339830186
-0.46966220478233905 0.8643570041005186 0.17973458575633522 -6.725981103154851 -0.8678933762820992 -0.4893487785219473 0.08543334416208535 -186.11336661624142 0.1617977946444322 -0.11586563479938707 0.9799982595084878 15.992174801929893
-0.47134338610854426 0.8616347152235622 0.18820512306782672 -7.833762821293353 -0.8669898016999642 -0.4918131421228113 0.08030263329134629 -188.10543288491647 0.16175327474963028 -0.12532179753020153 0.9788412973973372 16.386955149976618
-0.4711101552594893 0.8619242096026307 0.1874620414054364 -8.844621861374169 -0.8665729748310871 -0.4919258829676111 0.08402500157046512 -189.97342716827598 0.16464059829813246 -0.12286449785896983 0.9786714202820213 16.751417042291582
-0.4909563619232422 0.8492486654420247 0.19426449337866034 -9.92950317490729 -0.8534265438501398 -0.5136323161580936 0.08857185772048622 -191.96740478688366 0.17500003776570783 -0.1223055487126438 0.9769423216623551 17.15663260761287
-0.49627926050351245 0.8409394852618173 0.21570307410259573 -10.999225792356615 -0.8475135846473273 -0.5231504320416501 0.08963450910699997 -193.81443811255144 0.18822233733913019 -0.13832752683860805 0.9723362624957691 17.57632813002106
-0.5183298979864503 0.8291016470485814 0.2095822372490537 -12.093022018680392 -0.8347586695492323 -0.5437609677641355 0.0866139104219803 -195.63825642771656 0.18577435916434393 -0.13005600009122706 0.9739472699465205 17.999721725519215
-0.5294995145081803 0.8194820003395444 0.21927073154147436 -13.183939507262687 -0.8253819272607086 -0.5573694147228423 0.08991109838554373 -197.36430308404786 0.19589530842448521 -0.13337420568508754 0.9715123826869527 18.410873869921762
-0.5257441856106592 0.8197439026881703 0.22718521905657868 -14.418416492339922 -0.8254438843145435 -0.5561628112764601 0.09656768160603008 -199.28720097646513 0.20551271982608077 -0.13675874189640633 0.9690518710696199 18.891266869254373
-0.5399121705707036 0.8100412325506748 0.22875355318125293 -15.611177648994385 -0.8097155025241203 -0.5740637148161055 0.12170313156868641 -201.17513497541725 0.22990364864550167 -0.11951628719432418 0.9658468459096927 19.40614409420462
-0.5426785410700227 0.8096333335852347 0.22359339137238565 -16.83767942776356 -0.8076286631245491 -0.5760989029174103 0.1258808662465842 -202.99741684416395 0.2307292322033387 -0.11226757840370434 0.9665195148392806 19.964308250831813
-0.5606971973083313 0.7969929063176809 0.22454642875252226 -18.059438775167557 -0.7937778041930819 -0.5945481361397482 0.12817685950725038 -204.77272251911126 0.23565968743345964 -0.10637155728427827 0.9659966686477827 20.49599531458272
-0.5664898374173191 0.793151815376856 0.2236059040430961 -19.403377955693852 -0.7892770140278886 -0.6002283401758916 0.12949027263426033 -206.61326283990985 0.23692002431105164 -0.1031320690714913 0.9660396672644536 21.06030202481181
-0.5803644497461327 0.7837441541978417 0.22118396118889683 -20.743128925208378 -0.7815320219372069 -0.6123694862632426 0.11921118617988173 -208.47574434261068 0.2288773585456931 -0.10367640619834595 0.9679185491878303 21.637440738901415
-0.5888583413232893 0.7722387943662127 0.23852303198105576 -22.03109676184243 -0.7724429978006392 -0.6245662721236952 0.11510335705031781 -210.2065552208692 0.23786069739035043 -0.11646586510867132 0.9642914244254157 22.182388402155095
-0.6038624637454314 0.7586525576399484 0.24453335175655555 -23.34994912685596 -0.7570527844635361 -0.6418809822672339 0.12190111594911084 -211.91510546443666 0.24944187925176645 -0.11151313822689485 0.9619477788305709 22.75610467320497
-0.606337103567695 0.7538604243087048 0.25308084865092195 -24.604475451312762 -0.749942391346252 -0.6479344388633159 0.13329429292631267 -213.46320717231555 0.264465066418882 -0.10897477316649472 0.9582184968869573 23.277649668099034
-0.6219651154763183 0.7416201308235492 0.25131477303060534 -25.87548748347681 -0.7373608763995247 -0.6627155399120779 0.13079391057824016 -215.02937988732452 0.26354957921437977 -0.10396042386290362 0.9590275334343124 23.839716411657797
-0.6299873209275786 0.7324971999829483 0.257999933998569 -27.373582119909845 -0.7279543134265025 -0.6727181423425027 0.13241153445596274 -216.82681481576643 0.27055229060937475 -0.1043945691988954 0.9570283132106019 24.51082909011906
-0.6452661842363521 0.7190007616307313 0.2582045598186045 -28.60283168399235 -0.7182840115960858 -0.6860975890362797 0.11549100802235332 -218.24982911100528 0.26019162567432 -0.1109417566476045 0.9591622411666497 25.105219975161752
-0.6497475601944708 0.7150767881140232 0.25786320710310356 -30.03109509017063 -0.715720375806769 -0.689770607192728 0.10936566663251229 -219.81613883047004 0.2560712879015752 -0.1134978678789695 0.9599717130302793 25.707055666659592
-0.6668645470321521 0.7018686226582636 0.2503442647536151 -31.435515156633233 -0.6975852900778057 -0.7061271973719542 0.1214872015015341 -221.35123001860717 0.2620429256908973 -0.09362096213552387 0.9605043367226959 26.282468830448327
-0.6675472199119948 0.6988099610646251 0.2569931632558683 -32.942547873012465 -0.6957907073735098 -0.7083518839842642 0.11879771007303022 -222.9194751907543 0.26505859110800484 -0.09951036643621416 0.959083724484209 26.910220530717034
-0.6662843532521555 0.7003877344666609 0.2559732807846329 -34.5829518527025 -0.6961557066262456 -0.7072547144771452 0.12311781719777978 -224.61492306740368 0.2672684950750071 -0.09616577792298223 0.958811584731714 27.57656706055306
-0.6735660423210966 0.6924328093098403 0.25854541125073266 -36.00696944839488 -0.6883128157936408 -0.7150908718234267 0.12194469475554194 -226.09358244844833 0.2693219473432505 -0.09582230759970518 0.9582712217135809 28.161578024645728
-0.6869607649758013 0.6831250129280013 0.24784120430552553 -37.52041861217993 -0.6799877353831535 -0.7245654665605866 0.11234571788150574 -227.64628280419655 0.2563233251975363 -0.09135187234595692 0.9622645939124529 28.808217149864568
-0.6915012131443162 0.6763205168495798 0.25380458853986343 -39.21504772680689 -0.6763347234166331 -0.7295780617919297 0.10142578361964172 -229.30935780349338 0.2537665757971656 -0.10152079628408561 0.9619230807340878 29.46673472666903
-0.6949659884200001 0.6734466349637117 0.2519762751750622 -40.73991088846375 -0.6792318042969238 -0.7298453876596314 0.07726488253720667 -230.82639439096724 0.23593747654938166 -0.11745382568528984 0.9646440101458834 30.064045426312113
-0.7037044117938177 0.6676504354134258 0.2429879325600613 -42.26460315560945 -0.6741717783868377 -0.7354149629706389 0.06824398431805362 -232.3288642568108 0.2242600674664925 -0.11579200504530063 0.967625751014536 30.59308866651871
-0.7125258427121567 0.6564276458364435 0.24781002341428504 -43.85817694806524 -0.6655629056233003 -0.7441277871807774 0.057444328995035 -233.81343676640066 0.2221103504131533 -0.12400258085527849 0.9671040856596088 31.11137990588991
-0.722491602129467 0.6443942765840271 0.25052353105801717 -45.44910336950914 -0.6547046371024468 -0.7541201363207437 0.0516202875051761 -235.3114441863282 0.22218863762991356 -0.12672368358652736 0.9667333022325012 31.650352710748223
-0.7211371852547179 0.6479279265947689 0.24525639734192362 -47.25646712465985 -0.6575531990800846 -0.7515993605244862 0.05217458738419187 -236.93700591105645 0.21813990439248648 -0.12364408416814862 0.9680532438253531 32.22294312798048
