1.0000000000000002 2.168404344971009e-19 0.0 0.0 1.6263032587282567e-19 0.9999999999999999 4.705268021997638e-19 -1.734723475976807e-18 -3.469446951953614e-18 6.721206436462873e-19 1.0 0.0
0.9999957182171562 -0.001303453576811811 0.0026529413358994374 1.529293047400605 0.001309366936981081 0.999996674707116 -0.0022283247536140577 -0.005553064891430641 -0.002650028891552596 0.0022317890555723107 0.9999940070752986 0.02020952999593483
0.9999791365585499 -0.003643821298773904 0.005350005192890859 2.9098747936009195 0.0036248079095059504 0.999987110476709 0.0035593463352076586 0.012619150160363937 -0.005362906499203507 -0.0035398786274783572 0.99997936289466 0.04297521880679823
0.9999873609866629 -0.004925102230813584 0.0010930583471326968 4.250578754795073 0.004913717298919597 0.9999360743932654 0.010184881323076005 0.009191799570042795 -0.0011431510878853624 -0.010179380294151661 0.9999475441964164 0.055160062333000984
0.9999952683741975 0.0030901546011856194 -0.00029616779375262565 5.626267597754799 -0.003086513104109498 0.999928056308754 0.011592451929080467 -0.0018129711343363945 0.00033196778202900846 -0.011591481508241666 0.9999327702780135 0.06329055848656288
0.9999863503004331 -0.005045955680102046 0.0014181275326157808 6.94127374726025 0.0050331308975724905 0.9999476877342491 0.008906103893915763 -0.01807065506516326 -0.0014629941564781458 -0.00889884350279061 0.9999593431507292 0.07085558649741601
0.9999812792491812 0.00591812087287328 -0.001609514867934143 8.233805291791809 -0.005900382672403967 0.9999241726019521 0.010810357482224121 -0.021632471830501245 0.0016733685266847316 -0.01080065698308633 0.9999402799010222 0.08374559701357258
0.9999670978292946 -0.007610984495011555 -0.0028372020512334147 9.744726750582338 0.007651759519543028 0.9998634339011997 0.014649007537335968 -0.019397890497366944 0.002725319825925179 -0.014670233399923068 0.9998886811069846 0.09537483230249787
0.9999261840525694 -0.010009115759894766 -0.00690054993294663 11.113388838632439 0.010156491638136226 0.9997137402711345 0.02166362132645001 -0.001384858408164616 0.006681739134083212 -0.021732105186019205 0.99974151043575 0.11172506595833909
0.9999928403558108 -0.003806933104882295 -6.249638589026114e-06 12.496429395645375 0.0038061229037336776 0.9997432222369312 0.02233903126888546 0.02660263463258376 -7.879629623022341e-05 -0.02233889266977502 0.9997504615590126 0.14212314844143262
0.9999952004741138 0.00017806403909281757 0.003121035651821056 13.948940363162246 -0.00025824511971038705 0.9996694464709528 0.02570915012577636 0.033014351620046976 -0.0031154269601993832 -0.02570982997234738 0.9996646019939265 0.15495920161535032
0.9999379769740501 -0.009879419055343203 0.005158762039286997 15.356323147060914 0.00975645003896857 0.999679958519561 0.023341412023240023 0.04724685162366883 -0.0053877112508713375 -0.02328963057274462 0.9997142508723627 0.16857880707487727
0.9998571979412806 -0.01621716219380337 0.004770840281947284 16.752388689565215 0.016081548434905193 0.9995004216317219 0.027208826807095132 0.07393603527699896 -0.0052097074834957235 -0.027128215927689728 0.9996183954742649 0.18573797176520945
0.9997178656970601 -0.02028976125485482 0.012356704088924452 18.07657271367655 0.019889766665680018 0.9993002873216588 0.03167589365918198 0.11031354696013701 -0.01299075419721718 -0.03142118153614162 0.9994218165410875 0.18825291112851683
0.9995573591418581 -0.02865265699570423 0.008017766150653763 19.487155890854673 0.028279081566640985 0.998659095577258 0.043362814309419725 0.1413155879200232 -0.009249475211228507 -0.04311688069550437 0.9990272266206929 0.19475385366471398
0.9997253984025729 -0.022453053135376988 0.006720248159284092 20.83853318086367 0.022117416913453408 0.9986768178584259 0.046426960265751306 0.18064064322581602 -0.007753783467523558 -0.0462655721360048 0.9988990906988021 0.19727090182370202
0.9997668791571046 -0.02027772764678734 0.007427963620796685 22.36754112347601 0.019908776907827327 0.9987074330833302 0.0467667938222468 0.2210222023552242 -0.008366687147777954 -0.04660800512602803 0.9988782258745909 0.19282912006587288
0.999621099401782 -0.02529854823321701 0.010854244776583314 23.716524110923707 0.0248085403062066 0.9987616687040216 0.04312417829601476 0.26022979016997605 -0.011931782757213507 -0.04283855618195645 0.999010764900212 0.19384698679187373
0.9997178260712241 -0.02047231786617566 0.012055122488709685 25.119693287710703 0.019887397136034195 0.9987067780214036 0.046789873557570194 0.295812898394993 -0.012997429634051616 -0.046536920961805193 0.9988320176748086 0.18870574133165122
0.9997862999408081 -0.018670465123481816 0.008884915550906368 26.54191365599514 0.018203837124725755 0.99858422468254 0.04998195501758439 0.32090622525395524 -0.009805523081189371 -0.04980952930961605 0.9987106088497735 0.18812687533634417
0.9997208208540063 -0.016723555812150927 0.0166966036544891 27.963049111765013 0.015780155946830122 0.9983551118178656 0.05511884145828706 0.3399531588586723 -0.01759092213656824 -0.054839972948778445 0.9983401998053514 0.186013329097673
0.9997233565409418 -0.015411664597169692 0.017772577822667054 29.457660526515504 0.01431034316678521 0.9980648872908344 0.06051218169803504 0.3586415863723805 -0.0186707787371074 -0.06024110374388516 0.9980092330049332 0.16843905435303097
0.9997432343479553 -0.015382621323827866 0.016643733905057207 30.92104514374125 0.014311307413444094 0.9979313106972352 0.06267627069704429 0.38262610259586544 -0.01757342803777055 -0.062421977822043014 0.9978951292765248 0.1595320077892064
0.9996973349386341 -0.014838905316500619 0.01962699536876735 32.29179371112521 0.013466077531446127 0.9975726973755841 0.06831842727252568 0.40610003152967933 -0.02059312461471139 -0.06803344434249595 0.9974704965017892 0.13639370009765703
0.9999061141660542 -0.011453844416008213 0.007532983674541914 33.52002164972222 0.010948978188312378 0.9978928388839068 0.06395335236812819 0.421381314997486 -0.008249622585486581 -0.06386486328224246 0.997924466423769 0.13547170371166975
0.9999082781928914 -0.013203858590493929 0.0030441519763195696 34.783020491218736 0.012963556093835515 0.9975522625203151 0.06871287399225233 0.4423199847174802 -0.003943976534072355 -0.068667101743896 0.9976318418681406 0.12343162825605711
0.9998953022556675 -0.014375433643572614 0.0017043990765813874 36.02451479284621 0.014225938599338867 0.9975749269200063 0.06813161637437323 0.4652007657730072 -0.0026796882021148053 -0.0681002297778536 0.9976748947915696 0.13356304557236218
0.9999406226995877 -0.01066223494867766 -0.0022894022507109904 37.399171138782215 0.010805513835488936 0.997043935692327 0.07607010232791092 0.4911951508283391 0.0014715560536415467 -0.07609031622981464 0.9970998525829067 0.14913162472488972
0.9999236970205727 -0.012328570051757658 0.0008831980494373066 38.64811067722946 0.012229945393569143 0.9972048955014475 0.07370789728306028 0.499618832879936 -0.0017894433644307874 -0.07369146447857426 0.9972794912548213 0.16672293285182802
0.9998840435877533 -0.01522919661119318 -0.0003801194382821167 39.89452456615582 0.015218772538825647 0.9974643543870532 0.06952179505668434 0.5214760011113767 -0.0006796065679583985 -0.06951951168437007 0.9975803693698599 0.18306311956411192
0.9999430385715149 -0.009322507832383933 0.005213827930310065 41.09313203742117 0.008913909051171974 0.9972515956648406 0.0735515225378078 0.5409497414130454 -0.005885183460945598 -0.0735008501626937 0.9972777984909815 0.1924787910626881
0.9999074658459506 -0.011014870004881959 0.007994118207215637 42.31402428749378 0.010357056314485778 0.9968900206740251 0.0781220030677226 0.5530120525224941 -0.00882976069302519 -0.07803197097326403 0.9969117636752804 0.200202464540808
0.9999341900000941 -0.010829181705294287 0.0038102538046252184 43.54815083029048 0.010473711734912008 0.9964600336352534 0.08341302073655281 0.5735129324382229 -0.004700061094538095 -0.08336761572365566 0.9965077861192491 0.20729266133543514
0.9999943930106897 0.0010400348864826583 0.003210267313392523 44.86876207996486 -0.0013176862046424675 0.9961429077885287 0.087735969043227 0.5891576076513263 -0.003106637401786816 -0.08773969874050226 0.9961386006931999 0.2246072402357947
0.9999967810556184 0.0020321428720733517 0.001575377845258142 46.09325948200863 -0.0021640697320397164 0.9960433289946531 0.08884274233564193 0.5873872429542495 -0.0013886044612313956 -0.08884585698905541 0.9960444283241372 0.24386618660382106
0.9999975091390705 -0.0022611371380373635 -0.00020619433590848683 47.29135004986472 0.0022705180315392448 0.9959669590963807 0.0896921982919924 0.5925416034474595 2.5552446745753105e-06 -0.08969243437167719 0.9959695200818044 0.2626203431109183
0.999999052082888 -0.00013825779360495996 -0.0014318727997049687 48.32052399119291 0.0002744325902501643 0.9954252040181646 0.09554379723677381 0.5990458774465584 0.0014121113274664818 -0.09554409040525669 0.9954242062820542 0.2794796690225007
0.9999284905029742 0.011805705015627492 0.0019526267267501673 49.45805034424021 -0.0119341306320761 0.9958095141263766 0.09066982629143606 0.603327206221562 -0.0008740241136199626 -0.09068663668680325 0.9958791029689855 0.30254126667895137
0.9998114037298265 0.018696246300341113 0.005270757789699998 50.68186143892823 -0.019087032419770042 0.9959543854617257 0.08780988880095601 0.5830913744950734 -0.003607719840847371 -0.08789392282115974 0.9961233158654026 0.3200621914311822
0.9994774145243517 0.030182958572330703 0.011578445886433565 51.84495765869386 -0.03106336851560658 0.995859902666198 0.0854292145369932 0.5485562681347985 -0.008952003873813851 -0.08574422772671204 0.9962769729147711 0.32875292767602854
0.9990529205796437 0.04175825527607668 0.012234522434038001 53.00150689303119 -0.04267048080898066 0.9952539675453043 0.08745741507233343 0.4994102868713985 -0.00852438829612614 -0.08789663044832473 0.9960931356464786 0.33524896843787316
0.998454043169442 0.05374015572855837 0.014201861936768267 54.076424918409785 -0.054789257335777206 0.9945734846363091 0.08844065941215604 0.45304864802572575 -0.009371980797637569 -0.08908203488238255 0.9959802080157865 0.35045663841387187
0.9974984034881339 0.06919507813546347 0.014462010304852713 55.10756031809261 -0.07018113429931627 0.9938773457443898 0.08533732655070221 0.3945430133966573 -0.008468541818071754 -0.08613879901347624 0.9962471625184275 0.359811740803671
0.9956701525810797 0.09067543751195463 0.020471585986229134 56.082588535945426 -0.09215104113367584 0.9917463244063333 0.08914843208257027 0.30685717020295616 -0.01221904711372367 -0.090648902277927 0.9958079579544773 0.360547910435539
0.9942559047186197 0.10399915245871515 0.025289242013844332 57.22361360230911 -0.10572663135935581 0.9910990365261799 0.08089875472807957 0.19582446627964784 -0.016650741100695764 -0.08310780299559567 0.9964014570563762 0.3683538030472827
0.99194062374245 0.12331558908669571 0.02910735300997127 58.221350638217295 -0.1252940621288225 0.9888454007575419 0.08053695235224854 0.07166289732844507 -0.0188512098635691 -0.08353484528546602 0.9963265424708103 0.35718024516469726
0.9897643476188608 0.14080087461266438 0.02327710103355019 59.13791565141647 -0.14226084420654989 0.9863817733507874 0.08254016419458349 -0.05270275256483346 -0.011338381019917217 -0.08500672373318326 0.9963158714775269 0.3533495386470843
0.9875701202252986 0.15536786672203393 0.023796158724469645 60.026768728599144 -0.1568786264322606 0.9836819825173748 0.08808452269092276 -0.1943223359104148 -0.009722348494465823 -0.09072274277055041 0.9958287390942115 0.3599826335555065
0.9836335328915174 0.17912786883360823 0.019453871596379277 60.94732569144011 -0.18013408909220227 0.9800952632100677 0.08345666107857407 -0.35026743984402414 -0.004117234372555338 -0.08559506773407552 0.9963215095955456 0.37691527371922434
0.980223295450714 0.1971593744517053 0.017048333149051225 61.915984233352916 -0.1978949306224711 0.9764761047970228 0.08562734664016161 -0.5504631498692109 0.0002349429384510735 -0.08730769038819042 0.9961813739088489 0.3859643215365546
0.9747024350421241 0.22308390997105418 0.013744299785248049 62.83307114460639 -0.22343884892838412 0.9710443254397625 0.08454601184602896 -0.7547593560556437 0.005514528875107106 -0.08547820612182994 0.9963247883955844 0.38721543003932074
0.9684400557358664 0.24894032778733768 0.012359012462609916 63.85469799449605 -0.24906974277094834 0.9646918978539042 0.08563781144634372 -1.0114461742223093 0.00939606359620645 -0.08601333490657624 0.996249686539058 0.40073724821816215
0.9614922571012186 0.27435724246225235 0.016152912570787888 64.70387791984692 -0.2747016391246504 0.9575614844125663 0.08726420990364052 -1.2385529932224293 0.008474159071516182 -0.08834108548187501 0.9960542449916776 0.4207284902946961
0.9526885116770507 0.30349787347942714 0.01654732768872984 65.65745205518367 -0.30371392459100965 0.9484021019888034 0.09105676389494435 -1.5299262973224883 0.011942011539519274 -0.09177437820357899 0.9957082251281059 0.4484420067356337
0.9418882799769529 0.3353515486718809 0.01964638356122536 66.46530694423559 -0.3357098920355933 0.9375696884590948 0.09089541776371135 -1.8135688171935762 0.012062063082394037 -0.09220880549621167 0.9956666412736666 0.47899345126195403
0.9305541584346005 0.3657547440635195 0.017105524157653797 67.29964727034285 -0.36569647308006625 0.9260394088841153 0.09336558289129937 -2.1373615959608134 0.018308512501680228 -0.0931371527186286 0.995484950602202 0.4967691494702607
0.9191113852667142 0.39394473873171465 0.006479030815571961 68.10620723404826 -0.3926828684963333 0.9145771079441515 0.09668974977874678 -2.4750102552681903 0.03216484077599698 -0.09141284591185193 0.9952934905555127 0.5232136981215927
0.9062407729368966 0.42274227006707077 0.004099769125487042 68.86804299089776 -0.421068397006873 0.9017003786684368 0.09817261048547873 -2.8193119632655828 0.037804944151109666 -0.09069429737143382 0.9951609660472315 0.5641740746051509
0.8963277869976467 0.4433918776018608 0.0005609582908788551 69.65967927349516 -0.4412586414196195 0.8918900067471288 0.09911133404102287 -3.202949678212637 0.043444842188936586 -0.08908376232708201 0.995076201453364 0.6080752465362257
0.8813971122869323 0.4723720426460815 0.001989301443132447 70.39038413539909 -0.4702733849003505 0.8770687570441735 0.09794574094685495 -3.5829560438903356 0.04452207027259675 -0.08726460088799298 0.9951897770840126 0.6592281003114289
0.8675134623927138 0.49732973876323744 0.009148609222271873 71.1379472676111 -0.495748069142537 0.8629579985747786 0.09765947949652215 -4.007530227530266 0.040674092981191096 -0.08925631053357562 0.9951778468756811 0.7081573888552372
0.8546326253493144 0.5192141520790361 0.0044624557132020405 71.84957926028919 -0.5170508806561445 0.8502218458041451 0.0989000962000091 -4.443172763881823 0.04755624668506561 -0.0868305577561785 0.9950873707182728 0.7483309166683239
0.8364710080182537 0.5479920454438854 0.004598305857564322 72.59356989075317 -0.5451507299691871 0.8312191304684772 0.10902049374115107 -4.924436999101844 0.05592015722934794 -0.09369924373044447 0.9940288755674117 0.7988081450382714
0.8167665587059448 0.5769431424841837 0.005401153740621182 73.3236736017536 -0.5737238719149955 0.8111465557897966 0.11349983754829539 -5.417092801511629 0.06110181889011994 -0.09580163405210576 0.9935233426363421 0.8636541763088234
0.7966732623119762 0.604382822559735 0.0057697879967382616 73.94008556608314 -0.6010300793292734 0.7911734231675228 0.11317017059766342 -5.877133069457001 0.06383319717249734 -0.09362745687109217 0.9935588759507983 0.922432981884484
0.7753324831091106 0.6314961255447943 0.008506327020545797 74.59110030582383 -0.6283374584172629 0.7699569128684898 0.11116843065381704 -6.384413246818246 0.06365292093644609 -0.09153733124232508 0.9937651837166143 0.9939445699310783
0.7545738217933098 0.656177861194142 0.007009670785861965 75.1796832022276 -0.6525945641153277 0.7492469989795131 0.11291279247982543 -6.896811114875198 0.068838892393577 -0.08977550256054558 0.9935801848648411 1.0517776515758037
0.7314200893943039 0.6818990828510147 0.006202191465895621 75.75972668431342 -0.677679625111086 0.7258205197313651 0.11804629661476918 -7.4282251228897564 0.07599397543992666 -0.09054452373565956 0.9929887323833756 1.1189274460190743
0.7040282302172721 0.7101503425921406 0.005560172210232267 76.3316342669433 -0.7056580831187981 0.6986504702830183 0.11804329460284489 -7.997526300400555 0.07994386070616837 -0.08702938474525562 0.9929928917410638 1.1974152175416726
0.6777250548475032 0.7353125369936677 0.0020967864677424964 76.8736878501835 -0.7302646420032128 0.6727333721752823 0.11892599337346675 -8.581689804307896 0.08603718666035255 -0.08213032738623771 0.9929009162837075 1.2701824746351813
0.6510267012536416 0.7590539787273819 0.0012104439430985475 77.4600914033987 -0.7533913574195416 0.6459738937037752 0.12296023957766786 -9.24150581552007 0.09255153429810188 -0.08096233029338945 0.9924108686902599 1.3624812340494614
0.6249049537956279 0.7806996923103267 -0.0014009603320335254 77.98512425386207 -0.7738828926866193 0.6196831479001345 0.13075968000054108 -9.889469146648695 0.10295218291955077 -0.08062818575066358 0.9914131133975789 1.4533210361604758
0.5980156545921193 0.8014727507422358 -0.004345137746920157 78.46382261761029 -0.7935666711349938 0.5928593190743421 0.137002903431662 -10.519589250666515 0.11238013789753334 -0.07848171790757415 0.9905611249602075 1.5373445050984713
0.5672387517943943 0.8235342517402405 -0.005631004793666943 78.96232206992222 -0.8144482041168917 0.5619681083562278 0.14445067427868408 -11.214525530542524 0.12212451081144357 -0.07735185200176294 0.9894959891646795 1.6507980365746657
0.5318535940727506 0.8468362872190722 0.00048027338215102244 79.4358727338059 -0.8379599050809431 0.5261967340147171 0.1447073732995503 -11.94772027228635 0.12229072421321274 -0.07736558002427099 0.9894743875012333 1.7716430523191966
0.5035411927115205 0.8639628745547081 0.003819970606169822 79.85858264832567 -0.8552503920512264 0.4978269516427154 0.14392749012130565 -12.635639088894596 0.12244631154196256 -0.07574044518715724 0.9895808726297435 1.8745718079062874
0.47326651139536013 0.880868940880118 0.009428240875761424 80.3130664607021 -0.8722763898690964 0.4671007270471238 0.1447440491600879 -13.446581282949765 0.12309658685403249 -0.07672653683363662 0.9894242197219699 2.010912120541634
0.4440100199558311 0.8958871533377584 0.015539762057279078 80.71838555373347 -0.8878243663753006 0.4375410854698088 0.14256830746863358 -14.257291440335216 0.12092581874378662 -0.07709833016861864 0.9896629787803424 2.133295848934254
0.4132256512392007 0.9104596312641957 0.01754977315551143 81.12615730188345 -0.9024110387574694 0.4068373068424134 0.14190754803092892 -15.126119686772464 0.12206117930015356 -0.07447694196709917 0.9897243410895329 2.2587511327226784
0.3757423181743962 0.9265318123982977 0.018886092461466445 81.49641372095954 -0.9187180653131611 0.36974579811284447 0.1387270360939472 -15.98318660361593 0.12155194682676089 -0.06947660695102349 0.9901505658389649 2.3802270625251007
0.34576296316266236 0.9379572594588971 0.026159630634566357 81.821407871059 -0.9306840730042139 0.33926523986682433 0.13684400817232162 -16.848702990611805 0.11947876571462682 -0.07166193565426154 0.9902471455367184 2.502258853434473
0.3148695113395015 0.9487565834614434 0.02680130050947583 82.10515764388835 -0.9418174659190486 0.3088177250159662 0.13270833773376214 -17.67567783675912 0.11763118085442771 -0.06702773714502118 0.9907927156908433 2.614143480709932
0.27805444999385054 0.9601282307092559 0.02897718025167059 82.36651171047663 -0.9536704917220619 0.2723249788731424 0.12787387692025456 -18.529377840926553 0.1148840978934767 -0.06319057739972576 0.9913670423718537 2.729543644782349
0.24460652261083973 0.9692837014916503 0.02563061958838793 82.56709035865077 -0.9625186390434275 0.23953570186732914 0.12720277639732294 -19.33063235054419 0.1171561180105096 -0.05578457373802305 0.9915455325236456 2.838203841416483
0.21032276141652345 0.9772744411504835 0.026441941035881874 82.78438730903348 -0.9709602614390824 0.20565655310264275 0.12223576469414188 -20.289803152780134 0.11401991902202611 -0.05138303383767412 0.9921488092125456 2.9685886011889435
0.17922806337596156 0.9835447159043759 0.022743497019795347 82.94984705217638 -0.9764605182883599 0.17502202508290082 0.1260641751576588 -21.170272843723406 0.12000912875709428 -0.04480236177214942 0.9917613498804164 3.075841564424133
0.15288949365344423 0.9879726884780479 0.02312883683755814 83.09298042373408 -0.9807237574998762 0.14880293697863856 0.12664369988328728 -22.10829345642741 0.12167886599788595 -0.04204548809944832 0.9916786012725962 3.2003214295153812
0.12923142456464937 0.9913835278628543 0.02140357747666136 83.21899561987895 -0.9838347435256929 0.1254891968776212 0.12775636264788004 -22.99817366862512 0.12396962377044438 -0.03756771750651165 0.9915746147948679 3.3226806795044075
0.11302091023722605 0.9933903941190171 0.02004924594143308 83.32347072296831 -0.9866220043478631 0.10981913083723814 0.12048571839447078 -23.89483725428897 0.1174875531453105 -0.033398430781038255 0.9925125880306593 3.4423755242098806
0.09297758830946397 0.9955420112014085 0.01585703461614633 83.41766887847217 -0.989012717377787 0.09050601371511269 0.11688684975085274 -24.75740793289422 0.11493060137710014 -0.02655066493481388 0.9930186487577374 3.558141368970297
0.06972978971015108 0.9973884831071932 0.018818707015024732 83.49499557443025 -0.9914736111138658 0.0672098926818701 0.11163752992965761 -25.665048166274023 0.11008117271553743 -0.026442711551881777 0.9935708007693166 3.6762307065799216
0.05758534399609053 0.9981966406670268 0.016957837701824397 83.54919548082485 -0.9913968852048701 0.055176675637422 0.11869195326540496 -26.5706298736319 0.11754222059670341 -0.02364686336541056 0.992786316360272 3.7901639358138186
0.044845707180209075 0.9988489503542297 0.017023820527943795 83.58634734101132 -0.9914300211519362 0.04240665092409892 0.12356463253838333 -27.50732003288719 0.12270046851778432 -0.022419269123560955 0.9921905004178916 3.9101531735250346
0.030602497082947464 0.9993559954786473 0.018741798600382397 83.62805683010023 -0.9923239777532579 0.02812874585445892 0.12042394334549918 -28.43237075796381 0.11981919499486278 -0.022283208579658337 0.9925456346426612 4.0403842797316685
0.029869003414130776 0.9993740703363774 0.018960055800426714 83.65944962549958 -0.9917224176580932 0.027259840633602615 0.1254734103357769 -29.322773880696403 0.12487801274259444 -0.022550877141933233 0.9919158016664592 4.152057049289269
0.03063253429770917 0.9993260781093908 0.020228964249579477 83.68771375700418 -0.9913767647100356 0.027796584836579527 0.1280604918105462 -30.168421664993932 0.12741188072146586 -0.02397734144936306 0.9915600422919756 4.278304803458555
0.033061917819867725 0.9992540649584452 0.019959879651522534 83.71199060180966 -0.990902150940169 0.03016568656303315 0.1311601613089925 -31.105564265476392 0.13046020839106065 -0.024114693050568316 0.9911602460387839 4.417828006976471
0.033916913896452336 0.9992376240028944 0.019338750487002853 83.73970069784313 -0.9904086688732822 0.03101140278957619 0.13464394088093737 -32.06962034986347 0.13394155698428198 -0.02371997201017144 0.9907053244847773 4.550351090975415
0.03076382387212927 0.9993857902721123 0.016786985570905275 83.77012220166746 -0.9904678984025925 0.028224675825708558 0.13482113783364463 -33.00377366587692 0.13426450931994394 -0.02077458326444707 0.9907277506708329 4.688408853809817
0.028712926438144538 0.999460420990467 0.01595644918282242 83.79461342385441 -0.9900208168187983 0.026231244484963147 0.13845841749956173 -33.94136381858008 0.13796513755065215 -0.019772762510435193 0.9902397065384524 4.823836693266889
0.023862136583731756 0.9996620472897463 0.010322944722323885 83.81805949577507 -0.9892134684276845 0.0221174410144654 0.14480180241459453 -34.91930346716195 0.14452453535722706 -0.013666876207393017 0.9894068389174062 4.976801312402556
0.015537245019247192 0.9998515223945905 0.007463291769683791 83.82989168333845 -0.9897216584441894 0.014317732252119427 0.142288687701846 -35.94760217749248 0.14216069005824536 -0.0095973559592914 0.9897970734866713 5.141084721105405
0.013459388543985587 0.9998910948186536 0.006067693464911916 83.84252394777788 -0.9895708991606482 0.01244961453788017 0.14350774170935096 -36.89239472246581 0.14341655886743296 -0.007935939734420326 0.9896306024093944 5.287121204359763
0.00996466469011895 0.999931221149089 0.006199352426898515 83.85676957133977 -0.990021088507007 0.008994019443709804 0.14063207750694923 -38.00304129047739 0.1405666345050859 -0.0075388415746235095 0.9900425267904664 5.46327274263997
0.015806196208272432 0.9998410445785927 0.008259738435434443 83.87523034789668 -0.9900395320435362 0.01449435600426977 0.14004166499049758 -38.96797501104429 0.13989967168139447 -0.010390993783312468 0.9901111689268325 5.614450639856251
0.010960777351952354 0.9998681276343401 0.011990089342760982 83.88814352659331 -0.9895753567846601 0.009124421950505427 0.14372678061814045 -39.92639254105722 0.14359841071869114 -0.013440454074618559 0.9895447783477813 5.753399790375887
0.010022093560038688 0.9998815936583186 0.011684598648731405 83.89376593949198 -0.989804976433727 0.008259466606904131 0.14218972936422497 -40.905158857581135 0.14207637111356258 -0.012990512596603018 0.9897704628224183 5.895852506421677
0.006699777759704089 0.9998976267071208 0.012650004942484572 83.90064146249388 -0.9885482320409289 0.004715515578603298 0.15083164833633173 -41.921538847891114 0.15075654157665067 -0.013515678432415416 0.9884785325591975 6.0573058484097055
0.004028539798934174 0.9998808464689372 0.014907624668516651 83.9080803266624 -0.9885114577259475 0.0017293832549484394 0.15113615211574324 -42.92629538551065 0.15109234835325983 -0.01534521551615215 0.9884005485388427 6.220567463557879
-0.000899110587042651 0.9998441740532046 0.01763498663522529 83.90247072315816 -0.9885290993329064 -0.0035520363149780403 0.15098884762909903 -43.8351444201045 0.15102794541366682 -0.01729694132511463 0.9883781630767382 6.378123344790714
-0.00028854625133080717 0.9998004516697276 0.01997866671418169 83.90706754052852 -0.9884947915965893 -0.0033070368589764826 0.15121884734351854 -44.754700886722176 0.15125472769233053 -0.019705173676712373 0.9882984019025401 6.528454265694496
0.0009855210291062272 0.9997763521069246 0.021129317492020537 83.90669219712711 -0.9890941949215131 -0.002137396161471918 0.14726891867765649 -45.92070834279873 0.14728113001258233 -0.021044021084144934 0.9888707881421375 6.714945684941798
-0.004139445340455429 0.9996760775424525 0.025115304561501045 83.90714695724168 -0.9889278507195374 -0.007818010363226798 0.14819114036767037 -46.915627562953475 0.14833947554478585 -0.024223793936220404 0.9886397855257792 6.881995134630691
-0.003941008630158999 0.9995641241585254 0.02926095842217425 83.90122896024373 -0.9892085257905562 -0.008182511437594894 0.14628591288337325 -48.02809925844193 0.14646156459260234 -0.02836867401677714 0.9888095095384359 7.047587736186076
-0.00475389957225893 0.9996178376688535 0.027235135298169413 83.89293898618581 -0.9885556081917561 -0.008804466120921544 0.15059986781941848 -49.051519786705825 0.1507820907278012 -0.026207507809890573 0.9882195835805792 7.21576997881345
-0.00766705907599662 0.9995757017420674 0.028103491483899602 83.88124842428157 -0.9883918974020737 -0.01183974603201241 0.15146387972747724 -50.080060913925934 0.1517323376632906 -0.02661597943915843 0.9880632090447214 7.383975652662511
-0.008591414311598938 0.999528828900541 0.029470007438857464 83.8673382730768 -0.9895276547160409 -0.012744637562275 0.14377977626861113 -51.10313997630597 0.1440876022596696 -0.027926114278419147 0.9891708208082128 7.547379007205469
-0.008511543781234527 0.9996342418521746 0.025673131493737785 83.8538681045485 -0.9891912213929066 -0.012175483431634446 0.14612499587917757 -52.196497286278806 0.14638411834850296 -0.02415188590909333 0.9889329572950795 7.70618116909831
-0.011992489991029157 0.9996498022499238 0.023592935110110867 83.8531046616941 -0.9897395119859054 -0.015226620742274306 0.1420699747763295 -53.31869664645387 0.14237944933039176 -0.02164708647444804 0.9895754209647529 7.890963995721511
-0.014513706151968836 0.9997534021835981 0.016812516101458588 83.84241264109532 -0.9895727234201624 -0.0167716078583801 0.1430544215706796 -54.43555565281965 0.14330110397195564 -0.014560957307013088 0.9895720235762266 8.061136096040476
-0.009676677895936169 0.9998096672883987 0.01694593293880328 83.83637382499313 -0.9897958827323645 -0.01198632856023714 0.1419875619622353 -55.64625322962891 0.14216364308629226 -0.015399046469611632 0.9897233884648207 8.25702283390669
-0.008502245048017637 0.9996579285789825 0.024736838923512312 83.82484177315368 -0.9903987241855102 -0.011831740939744664 0.13773309818748183 -56.741777055244 0.137978650368242 -0.02332829214412614 0.9901604418225477 8.43262249032526
-0.007437311570331488 0.9996300620348268 0.02616484310024715 83.82464940934854 -0.9916108660514501 -0.01074922480861618 0.12881138844442616 -57.74097177650007 0.1290449756948498 -0.024987331128981768 0.9913238851419813 8.588169044744863
-7.294657771538367e-05 0.9996114246612561 0.02787773138361917 83.82502159308923 -0.9927639853072534 -0.0034200043583681224 0.12003333847445162 -58.737416353133064 0.1200820269556813 -0.02766725026956992 0.9923783793426588 8.725096907059827
0.004529688288413431 0.9997476244635085 0.022007790556704085 83.82918663732764 -0.9924660201856913 0.0017999059373670083 0.12250709536049595 -59.86227146479206 0.12243655390417059 -0.02239690232910875 0.9922236072358677 8.878570363697339
0.00022051131760603306 0.9996721926805042 0.025605313857055445 83.83297674340237 -0.992043538649414 -0.003004900088412625 0.12585951413254853 -60.85095439169622 0.1258951858478904 -0.025429338402425877 0.9917175851273214 9.008988730182285
-0.005086379085733651 0.9997871949426558 0.019996677676530347 83.82663080033218 -0.9915351338654906 -0.007636797464759982 0.12961399204213817 -61.945675191306385 0.12973910773239947 -0.01916814194806694 0.9913628820876267 9.157285450664753
-0.0060002491973833 0.9998695531920175 0.015001571610035727 83.82065257209234 -0.9908304947332631 -0.007969615977480774 0.13487566580403604 -63.13925077832483 0.13497761561107088 -0.014054726857716748 0.9907489720705901 9.326749083761992
-0.00486419182456816 0.9998742370521593 0.015100439028797928 83.80902999022287 -0.9908833154093324 -0.006852450915087806 0.13454861001935048 -64.22395463814429 0.13463515097947257 -0.014308302659300597 0.9907919389648717 9.491389874086861
-0.0074719926672194735 0.9997969878930666 0.018716994073266442 83.80853594967994 -0.9907210022463561 -0.009941717045611738 0.13554736171698237 -65.2466359968323 0.13570591009714492 -0.01753050975649235 0.990594066666265 9.64585659333194
-0.012607057837888172 0.9996501298740462 0.023256256729775826 83.78945479761869 -0.9907694906782382 -0.01562769663735276 0.13465370673423524 -66.36263086857231 0.1349700243005808 -0.021344001737344298 0.9906197776403226 9.801753447484506
-0.014144661888879707 0.999512595998225 0.027832939523972988 83.77668572134615 -0.9904882955230014 -0.01781629808486047 0.13643879672866088 -67.4829890222138 0.13686816283703268 -0.025638318954414256 0.9902574414387567 9.96609574397952
-0.018945547154421188 0.9993969442244767 0.029103052407001798 83.76142462416988 -0.9900384704280123 -0.02281405697111824 0.13893658688536523 -68.52173080309468 0.13951674580711385 -0.02618091055719366 0.9898735551997613 10.122237898490424
-0.020094148879906182 0.9993851289931042 0.028736086543500725 83.73085254087728 -0.9898682153833354 -0.023927136227815067 0.13995869970823743 -69.59422663420345 0.1405602020610524 -0.02563258653178681 0.9897402779650184 10.27962807451899
-0.022368960773673348 0.9992605652657888 0.03127500344058627 83.7073254056644 -0.9902939237950614 -0.026438910250627966 0.13645130200043742 -70.7123388868714 0.13717726913486847 -0.027919170617918803 0.9901529853849519 10.4516944475169
-0.025563343937912365 0.999098586604698 0.033892524733531076 83.67619896030732 -0.9906026572887932 -0.0298736453436785 0.13346898510341684 -71.78148699094747 0.13436115485786942 -0.030162109851517994 0.9904732933888676 10.605240737344051
-0.024896455026483078 0.9988664361194791 0.040573179105057006 83.64926449863523 -0.9906875117454792 -0.03008640975444084 0.13278965064308654 -72.88998496827496 0.13385981365040722 -0.036889348022622157 0.9903134574537343 10.764750561698007
-0.02370644399110362 0.998928983813101 0.03973743012612153 83.63161274332529 -0.9905101904112829 -0.028852166686772672 0.13437687474843601 -74.00214518981112 0.13537945302359228 -0.03617472942815729 0.9901332285969691 10.939780134413994
-0.021637937967435825 0.9987347034936308 0.04539785479087196 83.59652738860767 -0.9903567970201953 -0.027627347027781236 0.13575777543249695 -75.21806221478664 0.1368402108700988 -0.042022552999322636 0.9897014092394086 11.133091790836325
-0.029487383691550916 0.9986687355140743 0.0423252224016989 83.56905378580407 -0.990657272577971 -0.03483885562577643 0.13185011082792455 -76.4041317714197 0.13314913310892718 -0.03804187220949226 0.990365660770386 11.314316560186233
-0.03438461371084719 0.9979243869062068 0.054449884292195105 83.53869088698028 -0.9914303762517332 -0.040929891189335404 0.1240587858672237 -77.55684885946542 0.12602990366890748 -0.04971755239346263 0.9907798171577955 11.482919151006158
-0.031223640554848404 0.9979586033415276 0.05571251052263788 83.49766144590234 -0.9909715273503004 -0.03817992939669439 0.12852141561059102 -78.77216231715911 0.13038613973652313 -0.05119660157489202 0.990140586115838 11.646121563361827
-0.029592219584168925 0.9980828108471509 0.05436153762669657 83.47326709474972 -0.9923562441849282 -0.03585393888689584 0.11808305971540446 -79.95229809578409 0.11980573597501337 -0.05045166795767748 0.9915146153989861 11.80598921481546
-0.035634670095935995 0.9977630788755769 0.056561314177527966 83.43486253012148 -0.9920336530679222 -0.04215943954546475 0.11870906509698222 -81.14289209514702 0.12082810407263768 -0.05188056510606743 0.9913167979775752 11.9519966281179
-0.034016205863319875 0.9976138917969983 0.060079898251555325 83.39471267884215 -0.9924748246281636 -0.04079402404706356 0.11545388421191186 -82.32568629628838 0.11762928834516323 -0.055700479385909 0.9914942384308726 12.106489337603971
-0.041757102228316925 0.9975916723735443 0.05538387099196675 83.35818452437734 -0.9920497831863851 -0.04798399626873816 0.11633912961769097 -83.49808288933605 0.11871647502460402 -0.05008556880147293 0.9916641831172441 12.256316145590846
-0.04296212701511244 0.9976619860107858 0.05315064301546617 83.30417464803195 -0.9926562980301464 -0.048647132160827646 0.11075630822614997 -84.72369645771315 0.11308297399369088 -0.04800199066556901 0.9924253461126991 12.418324322187983
-0.04665062183880038 0.99771530810127 0.0488677501430818 83.24848338102659 -0.9922076245740795 -0.05194019599226004 0.11325314598553889 -85.92681920593887 0.11553258694853703 -0.04320362176139851 0.9923636864283691 12.568786749080358
-0.04980503252133213 0.9975669367000634 0.0487835943735831 83.20433785193848 -0.9917055784752847 -0.05518894065788844 0.11607866189931153 -87.03544004819076 0.11848853878029315 -0.042597658363642384 0.9920412911777771 12.699856655297676
-0.05512111336512131 0.997097083836727 0.05252848567482318 83.12985793520077 -0.9903342554423891 -0.06130184074749222 0.12441935587605357 -88.34425366612498 0.12727825769160728 -0.04516262231078862 0.9908383321142897 12.870372709560865
-0.06131335208020311 0.996409543771312 0.05838550744611871 83.06805422686405 -0.9895692087816802 -0.0683238785093977 0.12682530486817845 -89.59265818891247 0.13035905611322 -0.05000041237233169 0.9902052781993704 13.039869956905509
-0.06259225506193958 0.9962827765203651 0.05918625141651448 82.98718746174643 -0.9897223881869277 -0.06960129149534176 0.12492111047384563 -90.6959550195953 0.12857617812607347 -0.05075886055513847 0.9903997789860727 13.181709947743448
-0.06392977132283831 0.9962353883576764 0.05855090831101534 82.9331484394156 -0.9900702535064586 -0.0706758339604278 0.12151480944283596 -91.85895468971498 0.12519547576465023 -0.05020109517122969 0.9908612216721863 13.342659299655315
-0.06919576475586497 0.9957779300950882 0.06031942984643086 82.86927621012906 -0.9897524020391104 -0.07609627454400572 0.12082867605253449 -93.05251560951956 0.12490860097647152 -0.05134046434901843 0.9908390463867243 13.506986342619204
-0.07328543831665647 0.9951357812658111 0.0658346027315802 82.80488581660043 -0.9891610776994267 -0.08094993547777263 0.12250510033842346 -94.14756301337499 0.12723850351370172 -0.05614318258288469 0.9902819416686763 13.658157662736366
-0.08054190053318157 0.9944146826852022 0.0682100774094118 82.72439359470557 -0.9882083168397734 -0.0886047362744281 0.12487414679073956 -95.29925287603484 0.13022040864530515 -0.05734816053812136 0.9898251620246723 13.821917317028708
-0.07837889671319534 0.9943439695900783 0.07167281375440897 82.63880020199548 -0.9880637421120315 -0.08704496078238227 0.127095419367641 -96.38158375192387 0.13261530851775521 -0.060855705353065455 0.9892976199277681 13.982654932552467
-0.07916711534679285 0.9942356374893054 0.07230655942242427 82.55181218505739 -0.9874879846558192 -0.08813965214978094 0.13076280502336476 -97.5627201513631 0.1363821029050033 -0.06104974008993988 0.9887734163923427 14.153109782341788
-0.08150040902437056 0.9941350665159917 0.0710867525894372 82.449394082533 -0.9870737186089273 -0.0903852105397607 0.1323480904490186 -98.76426502213835 0.1379970557515917 -0.059381437389090644 0.9886509369942067 14.338421998934331
-0.08706394861271287 0.9933536295246029 0.0752901660502071 82.3522960042699 -0.9875592708476747 -0.09599586299347333 0.12454521327301901 -99.98190349724959 0.13094497171888875 -0.06351009872923832 0.9893532733371669 14.51483541911719
-0.09184568427663138 0.9926765099063769 0.07847222758058635 82.23991219707096 -0.9872416922402334 -0.10106929933317466 0.1230401037597733 -101.33745237191457 0.1300701415333103 -0.0661703472731896 0.9892943248322387 14.720373824008284
-0.10143149513782487 0.9914174631526048 0.08248175005276011 82.13995734613287 -0.9862537719504674 -0.11108054312971907 0.12233004352879405 -102.55950013873395 0.13044224668953872 -0.06893981268313895 0.9890561865879127 14.897015149338777
-0.10789976996691684 0.9902388998973279 0.08823114140043357 82.00469337207082 -0.9843470182675685 -0.11885286179801376 0.1301344465099221 -103.892548768705 0.13935070166214153 -0.07280857854807543 0.9875628134747189 15.089784824401322
-0.11390739350619043 0.9896344823199196 0.08745782211796728 81.87087195382951 -0.9828179685345612 -0.12511531728410968 0.1357019801062958 -104.98404009284472 0.14523765831434834 -0.07049765486986027 0.9868820197912411 15.254977151256897
-0.12066700894556406 0.988089772565935 0.09548951693425398 81.72360199405033 -0.9817399558560769 -0.1330322248041825 0.1359746871209208 -106.30807719915119 0.14705836671366931 -0.07733820937157032 0.9860997190308555 15.483695326497045
-0.13662022259137963 0.986234888182346 0.09314415522535147 81.57975020142032 -0.9799177183673683 -0.14833109379102946 0.1332635777049471 -107.55581624627521 0.1452453504265275 -0.07306710283626003 0.9866939770691902 15.693511881947135
-0.15167765231882843 0.9826236763878383 0.1069802501899495 81.39812641970728 -0.9770969016178125 -0.1654005266149818 0.1338818133378551 -108.80449138597895 0.1492500153349968 -0.08422318524725368 0.9852060219625818 15.893091694420074
-0.16782664920095058 0.9798623077714341 0.10818616902556133 81.20362408894935 -0.9745330088241115 -0.1814601582079001 0.13174845347730887 -110.01078833467005 0.14872680907735694 -0.08332008480321373 0.985361922063197 16.084904978855537
