1.0000000000000002 2.168404344971009e-19 0.0 0.0 1.6263032587282567e-19 0.9999999999999999 4.705268021997638e-19 -1.734723475976807e-18 -3.469446951953614e-18 6.721206436462873e-19 1.0 0.0
0.9999957182171562 -0.001303453576811811 0.0026529413358994374 1.529293047400605 0.001309366936981081 0.999996674707116 -0.0022283247536140577 -0.005553064891430641 -0.002650028891552596 0.0022317890555723107 0.9999940070752986 0.02020952999593483
0.9999449195034963 0.002313570604403968 0.010245920739941503 2.770326959732472 -0.0022340296971517484 0.9999673495535087 -0.0077677690822891875 -0.013111498307447384 -0.010263557680165002 0.0077444511936092236 0.9999173468749718 0.029548370547390835
0.9999356936602515 0.0004570424024258472 0.011339012216165626 4.152042648155172 -0.00047336945519757697 0.9999988696884975 0.0014373035027145974 -0.00767035718192916 -0.011338342582652625 -0.0014425781094451326 0.9999346872060711 0.044820421792183054
0.9998668465997624 -0.0003058692601203018 0.01632081665380833 5.484632168862895 0.000456506909025152 0.9999573423230955 -0.00922683227582238 -0.0031904053894728007 -0.01631729787179846 0.009233053777602206 0.9998242416695695 0.046960317249745635
0.9998675439902885 -0.003104321717315875 0.01598221521280356 6.884724425324503 0.0033074246886188245 0.9999139302123816 -0.012697338596341395 0.012531072266771182 -0.01594142266717653 0.012748515928807684 0.9997916603507884 0.03787499416798678
0.9996466395399793 -0.003456868182905305 0.02635943209550127 8.340592570846656 0.0037445336650422482 0.9999339053946867 -0.010871642379767402 0.017782357407499078 -0.026320106747745223 0.010966503915535863 0.9995934200937323 0.03234206665643497
0.9995644713976259 -0.0070598321522947005 0.02865658442959449 9.789709538953764 0.007371058474303715 0.9999148538679077 -0.010769485111259018 0.019228711242839185 -0.02857811216771162 0.010976023418635667 0.9995313082324485 -0.001771770748141728
0.9997200975439786 -0.008181894392375644 0.022202628502371168 11.266114467890027 0.008479633698016655 0.9998749534745535 -0.013349251847178374 0.026619436666808535 -0.022090629064919525 0.013533784646826464 0.9996643729285726 -0.024764143727109646
0.9994623972581363 -0.016687199265853263 0.028224588381148805 12.63146066727568 0.017079139251128243 0.999760252814259 -0.013702889968255198 0.03748393253201776 -0.027989157303549943 0.01417757401357121 0.9995076894104185 -0.03222701412324171
0.9995467278836342 -0.014705205156280134 0.02627297585040949 13.969133311102393 0.015006277721114755 0.999823568501894 -0.011299238707427552 0.06200602108239358 -0.02610218156559966 0.011688375959183215 0.9995909541942544 -0.04775908153989315
0.9994599420594703 -0.025098230419385182 0.021215008600048567 15.257114918069638 0.02522489476617491 0.9996654280099765 -0.00572416141791323 0.0960105818436883 -0.02106424351153944 0.006256216222508041 0.999758558415926 -0.06967088306938268
0.9995792059822249 -0.022293528139524912 0.01856294999835928 16.514106039156257 0.0223065255587196 0.9997510713759653 -0.0004934555502803285 0.12772460691014662 -0.018547327699115736 0.0009073231416614575 0.9998275806967745 -0.06951186784810458
0.9996562804935256 -0.021852603819518677 0.014489931599618026 17.925968163106578 0.02191992420237542 0.9997496003576223 -0.004503643636970348 0.16928267317874945 -0.014387886786563879 0.0048197138024740765 0.9998848817712498 -0.0654721233265734
0.9994897557475726 -0.02866170977445187 0.014103477942245193 19.29385341498401 0.02867583789904784 0.9995884576325449 -0.0008006165433767378 0.22208569741364081 -0.014074726551581235 0.0012046373762995867 0.9999002293445666 -0.06546044503837739
0.9994053348163119 -0.03219025470872803 0.01236680169191986 20.73760692384675 0.032152511941896486 0.9994777418713272 0.0032386382772361397 0.274935849510261 -0.012464595594942245 -0.002839087958831864 0.9999182922410428 -0.07576264936933177
0.9994334979417651 -0.031802023359754225 0.011022161481221414 22.179832996043128 0.03170304087309315 0.9994564511873992 0.009041497528673715 0.3176825344814613 -0.011303708396379016 -0.008686938251049749 0.9998983853383997 -0.07506388892380332
0.9993342435858856 -0.03487796308989824 0.010713114809898698 23.487896573749552 0.034832681023561476 0.9993835546432234 0.0043845569512248215 0.3676413406968907 -0.010859435297692758 -0.00400847060820529 0.9999330090313177 -0.08334442450540804
0.9990771788258646 -0.03995551434625307 0.015764554046423025 25.02745674687822 0.039919077703113565 0.9991994977130115 0.0026192181410864823 0.4218637650067969 -0.015856586350303025 -0.0019874940093622196 0.9998723099770814 -0.07362799663830304
0.9988736567497333 -0.04439050029212175 0.016765287854251288 26.491893075582418 0.044256968774882055 0.9989861005247652 0.008253542963800767 0.49339856594759723 -0.017114667978170912 -0.0075022647010731984 0.9998253956998585 -0.07237072983207399
0.9987140813817079 -0.0497668871217991 0.00967543992293829 27.89552281979059 0.049722966995512055 0.9987518723255729 0.004727935870765745 0.55125577950229 -0.009898658594215817 -0.004240763726629822 0.9999420234208966 -0.0834576287027684
0.9989043840608722 -0.0450371310275789 0.012722494817414972 29.381198299931814 0.04497755244651586 0.9989758436800175 0.004930802976265206 0.6245771773246622 -0.012931534139738085 -0.004353173203521385 0.9999069171827345 -0.06900840283928697
0.9990291579445284 -0.04083095206787193 0.016545345916079854 30.943249406626638 0.04079566494334993 0.999164485159356 0.0024646736784505346 0.6969466945131468 -0.016632156592117416 -0.0017873018949400785 0.99986008753278 -0.07338022027256975
0.9989847124702429 -0.044377324770153714 0.007769867347358619 32.21610953956503 0.04438143525967453 0.9990146092874665 -0.00035767691257332325 0.7485052266999034 -0.00774633865405901 0.0007021519921730393 0.9999697590137729 -0.08309238364438057
0.9992241838501752 -0.03889789900908498 0.006177167897610018 33.37670099660908 0.03890246344384131 0.9992428344553881 -0.0006208267346863684 0.7956558277657779 -0.0061483424598552 0.0008606524746205059 0.9999807372566438 -0.07792769669905125
0.9995012594797467 -0.030874467591607595 0.006646283994821505 34.742306284265474 0.030857109776996516 0.9995201784802744 0.002698311554070661 0.8400667674488522 -0.006726404403756281 -0.0024918800416521038 0.9999742815391213 -0.06427743817686268
0.9994754561262605 -0.03103018844484343 0.00927973856774231 35.872343252802544 0.030973237023966513 0.999500881220741 0.0062190293045733805 0.8658754196960734 -0.009468084779775014 -0.0059283426501532226 0.9999376119768932 -0.05737885760061733
0.9995249981979996 -0.024982944244076388 0.01805004198862138 37.16307407622966 0.024840451754087292 0.9996588231133765 0.008075805006516331 0.8976797058009087 -0.018245640560162302 -0.007623596678819843 0.999804478433786 -0.05371457551406385
0.9996114339194787 -0.019816086523873674 0.019608096132129018 38.50138564226569 0.019512369608914733 0.9996885232117294 0.015561275309828329 0.9386252356444406 -0.019910351533759803 -0.015172626505582622 0.9996866444185154 -0.06607859464369362
0.9997235713740491 -0.015714921045503906 0.01749273098331946 39.76066979691708 0.01535086928135778 0.9996667529864289 0.02075483279018198 0.9480456623278299 -0.017813061627856803 -0.02048056464553064 0.9996315616412227 -0.07536143358106621
0.9998042948850837 -0.014065812258367786 0.013917557129666788 40.95081017662504 0.013740551897041152 0.9996365108203911 0.023196395553411884 0.973227686533338 -0.014238774210982581 -0.023000618464731504 0.9996340563332342 -0.07962191869388614
0.9998153926258212 -0.013226472224633166 0.013943265133051502 42.203063607133686 0.012818023064202747 0.9994976191244312 0.028986840938435638 0.9887726619839035 -0.014319653760543736 -0.028802761604345473 0.9994825492034208 -0.08907171380017748
0.9998079813762716 -0.016226162647850866 0.010994797116575597 43.27143420188024 0.015900669862294707 0.9994508696302424 0.029071587358684432 1.0144329056641834 -0.01146047991864767 -0.02889117736631448 0.9995168707893076 -0.08918649423854436
0.9998532062821132 -0.014096080329415558 0.009748843435457165 44.466644745715676 0.013777800238939061 0.9993935988005744 0.03197868345137944 1.0333233664858894 -0.010193706008127384 -0.03183966822664888 0.9994410145711772 -0.1078007145782349
0.9999705512424714 -0.00745199929999282 0.0018809295215889265 45.71113723891352 0.0073862172328031115 0.9994332256584612 0.03284357689388185 1.0556554889027825 -0.002124614712677631 -0.03282871331584612 0.9994587431787147 -0.10137486448631167
0.9999916572720872 0.0038271984893571863 -0.001487104418583437 46.873108168123174 -0.003772882694320701 0.9993818015108461 0.03495439118883297 1.0661811805727008 0.001619961193577723 -0.03494848529856131 0.9993878110238762 -0.10109055124706712
0.9999627656791871 0.008585056063406852 0.000968302237621981 48.062623257776565 -0.00861364508715484 0.9993524738259709 0.034935189630169276 1.0575263638809647 -0.0006677557575048832 -0.03494222585517139 0.9993891197509415 -0.08385168076220932
0.9999122136627466 0.012387525649878595 0.00472098696708467 49.272779566974904 -0.012556592817389996 0.9992122843213873 0.03764534680840078 1.0562749518160093 -0.004250936224695348 -0.0377013177225932 0.9992800197668423 -0.08160721997060612
0.9999036430911543 0.012218719992470036 0.006601587414192888 50.48153004887126 -0.012473216918990995 0.9991220871568997 0.039993788432752676 1.0459294319398955 -0.006107119473922715 -0.040072273717402684 0.9991781291105585 -0.06879740663455694
0.9996135206474538 0.02634726635177046 0.008877186276930439 51.48936055488532 -0.026702123638669657 0.9987370360112471 0.04256006098357623 1.0253470730551875 -0.007744633881495011 -0.04278064782052485 0.999054480266279 -0.05777771773631839
0.9993323864606626 0.03534510881367041 0.009256251692281933 52.63946263325053 -0.03573505090965265 0.9983001959587894 0.04604078825779445 0.9930918605179051 -0.007613201656473626 -0.04634081880678538 0.9988966840443919 -0.050402766800475673
0.9988422822551215 0.04693976814084202 0.010532183433103111 53.70824336834663 -0.04738249542265124 0.9977845020675521 0.04670134751376523 0.9524146810585207 -0.00831669936607408 -0.04714631698435358 0.998853380145701 -0.046422208633695415
0.9976653219436101 0.066352784046129 0.01616746678007571 54.78966858015413 -0.06706271856075824 0.9965810020678099 0.04825896181055093 0.8873582216820031 -0.012910073741903127 -0.04923052209159696 0.9987040119137374 -0.046258870202567186
0.9964957185174522 0.08188625139375287 0.017061604574893856 55.87260224811519 -0.08264135971956678 0.9953424082479189 0.049637942193509525 0.8050150690265935 -0.012917473545461204 -0.050873986084684575 0.9986215470032103 -0.04467318202005802
0.9954251300269543 0.09425569957249803 0.015647592483332303 56.83861720754383 -0.09494560327496175 0.9941439574257408 0.051605751916937184 0.7038887561391955 -0.01069182344849948 -0.05285532726312843 0.9985449499212746 -0.04491492329334562
0.9935041102929668 0.11231491095764244 0.01830620520920057 57.82294904776195 -0.11311930248357045 0.9922552979474525 0.05131740834370681 0.6067800061108799 -0.012400718983713841 -0.0530548361292316 0.9985146089336973 -0.03603540153238792
0.9914002685305489 0.1290850283739379 0.021511312113846347 58.75459012031356 -0.13003968295452997 0.9901796484728477 0.051322255460422725 0.48049564674121215 -0.014675128486447022 -0.053678216860282034 0.9984504531325696 -0.02758700830197322
0.9884578361898679 0.14918948549997005 0.02633964754324962 59.7333175636114 -0.15038586615710758 0.9872821747011371 0.051556067303872986 0.34406620926755793 -0.01831304084112871 -0.05492210415660886 0.9983226996979426 -0.029751193457909667
0.9848115849856426 0.1714232542580205 0.027575052479745128 60.65688482228113 -0.17261338886390087 0.983771655012243 0.048969154349076484 0.19248281791881125 -0.01873310267278538 -0.052985208689411215 0.9984195792583482 -0.03767783968225367
0.9819582402905811 0.18729973722736504 0.02601915259169002 61.61058529142696 -0.1883737910785581 0.9809251053123127 0.04797167811314961 0.009567572301565602 -0.01653775695155737 -0.05200750607066278 0.9985097594061602 -0.03869865813897676
0.9772253606673528 0.21046867133781713 0.027087015255665352 62.55023664079713 -0.21155089583144432 0.9762569528150794 0.046568335286983335 -0.192641124069107 -0.016642710974017837 -0.051238035721184766 0.9985477963467231 -0.04209626884666465
0.97186215226309 0.2340210447630014 0.026800767679156415 63.401855630143686 -0.23509280884154043 0.9707648118266613 0.048446678404338674 -0.4028889935449329 -0.014679699735710074 -0.05338415585907956 0.998466151675113 -0.04131190139612149
0.9654827980765022 0.258996853681282 0.027636388026822507 64.3613631149084 -0.26011034202206834 0.964269346634484 0.05027192469499995 -0.6438748140290617 -0.013628651439153403 -0.055725183637620086 0.9983531346625455 -0.05369479021063197
0.9566331480089524 0.28988430364207923 0.028640603590580727 65.34640183690136 -0.2910417945800774 0.9552723692046211 0.05243475698494138 -0.9341397981656399 -0.01215956430736744 -0.05849643386504912 0.9982135693041616 -0.05835043879125368
0.9491614773887543 0.3136088249375759 0.02724276608706136 66.22779207376446 -0.3146585830808268 0.947704974492093 0.05334122903326996 -1.2192397469580585 -0.009089825141399062 -0.05920160445434561 0.9982046698102335 -0.05571009374290765
0.9391548372237464 0.3421345520366699 0.030533810170202232 67.08358665509843 -0.34332188152633325 0.9377836329013362 0.05188422521212194 -1.5191575486101079 -0.010882721469998758 -0.05921024080007825 0.9981862208424991 -0.051206560565044905
0.9302851049920271 0.3663282084053715 0.019324613788854143 67.91391771826723 -0.3668320797422623 0.9286922263898619 0.054451843065959 -1.8396511665129245 0.0020006261268884877 -0.05774462153538155 0.9983293914840249 -0.05766093395565084
0.9196974785158976 0.39235832517645325 0.014548753136722985 68.67178459090418 -0.39250195423252604 0.9178322593886159 0.05938172149330452 -2.1622905600804483 0.00994559571139086 -0.06032362808557198 0.9981293316712854 -0.04321525417149238
0.9113320149981161 0.41136582271035776 0.01588369877920282 69.47812017248738 -0.4115577114294173 0.9094894047155437 0.05873076001056171 -2.5256893513418537 0.009713769569585756 -0.06006027515102542 0.9981474959902268 -0.020045684870390355
0.9010738157176044 0.4331942940659273 0.02022018195873523 70.26542560319746 -0.4336045100843892 0.8991817045331334 0.058816837433149374 -2.8917172695171165 0.0072974988253274795 -0.06176586866689282 0.9980639967961705 0.0023455711887897766
0.8858663407483274 0.4633300301372016 0.023796702373081867 71.01953480223396 -0.46389300253286736 0.8838737922866075 0.05975308199753555 -3.279136930307762 0.006652113911951021 -0.06397236208824132 0.9979295085282232 0.01683493370798227
0.8696137589259558 0.4929584041293842 0.027642279690448742 71.811602018841 -0.4937127895792485 0.8677109280806594 0.05766676680332641 -3.721516466722967 0.0044418075818182514 -0.06379515519393376 0.9979531382991966 0.036979823471361514
0.8533585989562381 0.5207210023453908 0.02507813480828661 72.50175415956036 -0.5212289187507166 0.8512932054906296 0.06016911036170783 -4.135681623934694 0.009982471596124207 -0.06441727112205099 0.9978731297935867 0.05952906433529229
0.8332630270559458 0.5524948899677458 0.020549886683278375 73.23689748947179 -0.5526647364113003 0.8313380562713977 0.05864089546207778 -4.6119668144395884 0.015314889658667612 -0.06022048251421355 0.9980676156265795 0.07476054284598369
0.81395387142779 0.5805122388702638 0.02201838439013147 73.88292823759545 -0.5806906154786547 0.81194722388644 0.05949910937481466 -5.072037458912752 0.016662192425370738 -0.061215394297748395 0.9979855031845796 0.09361844908103496
0.7903027055016505 0.612221243733167 0.024636475807035037 74.51865202767283 -0.6124608650742666 0.7881720056133957 0.06063503622585025 -5.564436424794203 0.017704273973995384 -0.06300890503398306 0.9978559286247186 0.12381772439721586
0.7691618312593094 0.6386229197192649 0.023473757361618493 75.10718371183263 -0.6386896209588075 0.7669637981057983 0.061984915688373526 -6.061500613158745 0.021581462619088124 -0.06266887109398397 0.9978010176328012 0.14906709120716893
0.7458799528966898 0.6657136283676586 0.022105076656819447 75.73070773270173 -0.6655807278651337 0.7436244045956694 0.06344343057028735 -6.603046908337429 0.025797278405359107 -0.06203389075544928 0.9977406048400779 0.17793768917946567
0.7200859089041781 0.6936825664755792 0.016761691653954795 76.29593543483873 -0.6931659002386592 0.7180302340581218 0.06287803291325027 -7.134573505776427 0.031581989860165076 -0.056896213821639924 0.9978804620250172 0.2181674214815939
0.6924988324439787 0.7212409129114695 0.01603390619783809 76.89284164381937 -0.7203869958249093 0.6901488500444984 0.06882710459470459 -7.738836707702513 0.038575137196248895 -0.05921330217331399 0.9974997550666614 0.25020182264484503
0.6706209220514812 0.7416810352304655 0.013303925281311406 77.49551891896397 -0.7405322788615336 0.6683186650797289 0.07044242449308794 -8.411050614677668 0.043354543682363585 -0.05709214508308557 0.9974271342980063 0.30145967944648533
0.645810994388751 0.763450750188204 0.008443050709648944 78.08084178609506 -0.7614274225608494 0.6432069288453839 0.08070412725445045 -9.088556847689505 0.056182991556264786 -0.058548378224948 0.9967023510502242 0.3506808547853748
0.6217648558392148 0.7831780014527586 0.006391840525840896 78.60504441422215 -0.7802980720339031 0.6187348449555929 0.09111607825309359 -9.73221470856937 0.0674052463689944 -0.06164031105529933 0.9958197741242982 0.4094316003846046
0.593715401984984 0.8046342992177458 0.008114154902414976 79.10257649339276 -0.8015069254952946 0.5904537335781244 0.09461007443716203 -10.393197524287027 0.0713354703062688 -0.06267500462099156 0.9954813469844472 0.47456182769447885
0.5593216667978624 0.8288564348176246 0.012508279397346698 79.53899247396005 -0.8255076753720078 0.5555611949641053 0.09944277676247174 -11.033100167061534 0.07547466283345648 -0.06594617493181015 0.9949646702290823 0.5454609639449624
0.530261201088277 0.8476416762275202 0.018078188079066807 79.98380444525567 -0.8442588814163101 0.5259486929133752 0.10298030331410156 -11.732702616821618 0.07778218940839547 -0.06986912447267082 0.9945191069950775 0.615479344784428
0.5010923245008687 0.8651663019312293 0.019847565859859247 80.44706162250462 -0.8616700992959258 0.4966795387069688 0.10408700739022964 -12.499363373695573 0.08019468308986702 -0.06925924891940072 0.9943701458537779 0.7029057386016053
0.46963815348883226 0.8826606121717889 0.01871956328890042 80.9197487886505 -0.8791080321474252 0.4655851643334276 0.10197819308444588 -13.34480987577075 0.0812965749960527 -0.06434936361857911 0.9946104986464914 0.790126707589456
0.4374607080761639 0.8989302710447404 0.023508939374955684 81.29128076022776 -0.8952344420368722 0.43290032667503625 0.10560601428824337 -14.084350084202086 0.08475540683349057 -0.0672444886514002 0.9941301310595755 0.8702442316212762
0.4096422559325119 0.9118475885552825 0.026969815387633572 81.61942440492408 -0.9084809422947557 0.4050897328702509 0.10278479998819456 -14.82038105675224 0.08279886822692013 -0.06660655536335933 0.9943379364808508 0.9657141515412766
0.37044820589602767 0.9283331893957095 0.03107715811344834 81.97053251833863 -0.9251693587104762 0.3657956036330623 0.10126827422367514 -15.664491488290397 0.08264280376475786 -0.06626627973148687 0.9943736545577199 1.0530908282097602
0.335688509709389 0.9413821192990713 0.03336320510206923 82.26372930044016 -0.9388425362829522 0.33147776177950716 0.09325885914868079 -16.463029892849143 0.07673305407872036 -0.0626287186945835 0.9950827602408026 1.1257694049451639
0.30442258973125963 0.951896679881778 0.034925223449041386 82.53715324990081 -0.9496122259567442 0.30041261697127475 0.08938069800700343 -17.294092438379028 0.07458920429677174 -0.060374918126214386 0.9953850197715731 1.2093599751847206
0.2683460899035738 0.962638288431466 0.03630530568394837 82.8190482829792 -0.9604473983212026 0.2644454537766687 0.08723202584576598 -18.263223021443046 0.07437210747071045 -0.05827770504478243 0.9955262510085338 1.3036302569876257
0.23446369351491902 0.9714070204579559 0.03735439157505787 83.03836120640808 -0.9691363615114101 0.23055954732357786 0.08727563939979795 -19.168392826544817 0.07616774953525912 -0.05666446368239514 0.9954836162430541 1.3989840523984467
0.20705422924199454 0.9778744015621392 0.029839143152843278 83.20443498596191 -0.9744363312943968 0.20341605402350443 0.09537177002286763 -19.915492256149513 0.087191843109785 -0.048823470036974 0.9949944065122653 1.4800522715464495
0.17629590349131088 0.9839194888405552 0.028676949515719682 83.39313304684299 -0.9797601826701902 0.17259544791043196 0.10139440375555414 -20.863784183271896 0.09481440962400033 -0.04597194811798953 0.9944329165086587 1.58297986738349
0.15128728171733302 0.9880306712203237 0.030128469262491735 83.55007840060605 -0.9838568949115453 0.1475607456300484 0.10124952336869673 -21.859607029616072 0.09559184575660352 -0.04495986429340086 0.9944047603212651 1.6824913633810432
0.13356858595600132 0.9905730072597546 0.030409269568414082 83.68329543037629 -0.9863036470028256 0.12987150999074826 0.10167859214171049 -22.72845391523895 0.0967707615563274 -0.0435738363009425 0.9943524315954858 1.7772123544528546
0.10716275722840565 0.9938529277157779 0.02779703357530327 83.78774920469276 -0.9894041355920508 0.10384512043931918 0.10146761420552687 -23.645893612462924 0.0979572895873024 -0.038376046827400326 0.9944504342442808 1.88069863597114
0.08803387639474228 0.995636705106906 0.030947723541207152 83.87865054557612 -0.9912438041377937 0.08449130673099016 0.10147398259453824 -24.60982262411583 0.09841639850108765 -0.039609884691634775 0.9943567203286848 1.989011108720773
0.07703128733583829 0.9964960883956322 0.03258680906735113 83.95199973553204 -0.9913409239754369 0.07306477130381528 0.10910884906422491 -25.460176493505912 0.10634558324735652 -0.04070942985511002 0.9934955344472765 2.0823444906898425
0.06134379692010532 0.997486388177561 0.035468542703544256 84.01445786605863 -0.9918915996477363 0.056960085329455096 0.1136073612306333 -26.37517561330907 0.11130149446193773 -0.04215005367089554 0.9928924252043156 2.2025828470636837
0.05129543175531033 0.9980922004370562 0.034364395082055375 84.07070085406377 -0.9923854373193758 0.047083410884681175 0.11381707039880824 -27.288578318163076 0.11198192651301034 -0.0399410184333515 0.9929072368066258 2.3155334337616114
0.0472909914963111 0.9983751915793057 0.03179170495403596 84.12693444046326 -0.9919119291668619 0.04318413025616405 0.1193561266494709 -28.208110841048452 0.117789287354069 -0.03717903864470237 0.9923423908067738 2.4302439123791486
0.051560073771011294 0.9979803973115673 0.03710604959003711 84.17144889435049 -0.9906244424930817 0.04640257568881544 0.12849141684558796 -29.138361503386367 0.12651008682053466 -0.04338318372567453 0.9910162032098732 2.550734453300418
0.05376850787611202 0.9979592170285821 0.034445932271891355 84.2172076376259 -0.9902941600374416 0.048864447814429994 0.13011445589864534 -29.98210956540972 0.12816572677761548 -0.041107663028278105 0.9909004613188686 2.682305116812758
0.05365674040556715 0.9979037479591031 0.03618338789870874 84.26730457285504 -0.9908269174378099 0.04870555175207479 0.12605482223019093 -30.888223277483263 0.12402823576767236 -0.04261516274346959 0.9913631838830478 2.8049737984696135
0.05531189516777658 0.9978294160303441 0.03573827498768208 84.31783637219782 -0.9903889991990158 0.05028473228555085 0.12884527644742785 -31.778620871529164 0.12676850519805344 -0.04252146800592911 0.9910205288340395 2.9311869873688474
0.058223222337560394 0.9976675246792202 0.03563341300903627 84.38769756133141 -0.9895544316284981 0.05296088269968778 0.13407908504439367 -32.80407011210158 0.1318791592372389 -0.04306771526880571 0.990329781932479 3.0813098839057695
0.05640589970933279 0.9979229548849634 0.031117906954803622 84.45336786161766 -0.9891294577149561 0.05161528952197701 0.13769098396900012 -33.80335553423331 0.135798820802311 -0.03854621981567327 0.9899863064349178 3.2351282516841864
0.05787711571736172 0.9978299794926884 0.03139657693863872 84.52342646853405 -0.9890976664214112 0.05304814981059207 0.1373744131185422 -34.90713177961877 0.135410764537904 -0.039005113296786006 0.990021486487032 3.386847139257864
0.06321920315379807 0.9973678291736177 0.03550942443503906 84.5936228391217 -0.9888160191537446 0.057781978288944616 0.1374923726911043 -36.01587885025317 0.13507865154183757 -0.043804443015522984 0.9898661254895866 3.5489357404276167
0.06053738610809433 0.9976244641665643 0.03287593224805813 84.65310494311994 -0.9895377387318935 0.0556602903123386 0.13310531546857685 -37.084071860747926 0.13095922252766382 -0.04058982089160717 0.9905564931880285 3.706470414840786
0.06002057020307471 0.9975942563348775 0.03469011994451144 84.70781639036174 -0.9895852432819309 0.054911598941934314 0.13306311238864882 -38.076736473726505 0.1308380941459202 -0.042315351864463766 0.9905002886616832 3.8526648302261037
0.05635395319775121 0.9978385436455985 0.03380305187140433 84.75762033198885 -0.9898022549594541 0.05139957095786936 0.13285183280933444 -38.993745191833916 0.13082720446357118 -0.040945060264759615 0.9905593179281037 3.990941123035645
0.05329522394818469 0.9978893143873541 0.03710402777938528 84.82154805693715 -0.9898174817594013 0.047879878921191284 0.1340481230612414 -39.99835368819584 0.13198864061062487 -0.04387033713828006 0.9902799654598495 4.131412876815784
0.05324899659310939 0.998056786937716 0.0323630646106547 84.8730414762877 -0.9894499574808855 0.048361535870431877 0.13656490320576234 -41.039599632406535 0.13473438808970162 -0.039293574452311665 0.9901023570292529 4.291481525309798
0.05350760710139398 0.9980562306906423 0.03195105481003873 84.93764159594618 -0.9889352829442428 0.04853083987521736 0.14018485305934014 -42.20582883659155 0.13836174128139364 -0.039098478969798525 0.9896096984235031 4.463593005302471
0.053929449235412194 0.9979245817005382 0.03518973265847261 84.99478816059734 -0.9892428865244907 0.04859487865841764 0.13797491992075817 -43.149715761495806 0.13597851044041723 -0.042252101360449115 0.9898103971726402 4.600047529440002
0.054984269498420196 0.9979527200561321 0.03266913194280029 85.06258922781461 -0.9903085171229997 0.05032551441806712 0.12944656353288975 -44.1672983743021 0.12753744707053605 -0.03947004181152519 0.9910480982859282 4.750687617846113
0.05235845346091421 0.9980072855139558 0.035216813510745126 85.10998796563311 -0.9905095104000881 0.04741278936621217 0.12900762190570475 -45.10679669035669 0.1270808069943591 -0.04163722554321177 0.9910180763562055 4.88653019294141
0.051441272465016785 0.9980676233743324 0.034856680861714305 85.16470304686389 -0.9903531591318409 0.0464847792129179 0.1305366415891778 -46.21100508783976 0.1286640781815552 -0.04123539225969533 0.9908305683278588 5.035879923596886
0.04887072959096186 0.9982131659980171 0.03438459770109249 85.20921246450811 -0.9909479515324292 0.04414795888637536 0.12677990526152697 -47.21681316739018 0.12503534881031625 -0.04026917051903101 0.9913347432505428 5.189483618544216
0.048019873239241256 0.9981963767931095 0.03603135679931677 85.25559622903926 -0.9912042861421858 0.0431677498585874 0.12510250918258506 -48.28790840135791 0.12332146695582574 -0.041721839189013364 0.991489345199724 5.331827405554339
0.046242246906366406 0.9980585056773904 0.04172585993923744 85.30851374560088 -0.991556759475065 0.040795007033299704 0.12308935550539533 -49.3759106074143 0.12114815983329272 -0.04706548360376964 0.9915180186684347 5.493141759793883
0.0440539152284831 0.9980738070890189 0.043681823422073864 85.37199829142335 -0.9912504370126065 0.0382233653775687 0.12633912600537536 -50.46862704834992 0.12442609424115014 -0.04886535630538906 0.9910248946151998 5.639324276311909
0.041220806410031625 0.9979814839688239 0.04831124419733822 85.4310934658763 -0.9909437304470987 0.03465001361242783 0.1297302159965776 -51.52981872017497 0.1277943559600608 -0.05322130486629823 0.99037170447015 5.783611566420004
0.04012909247355485 0.9982473167256439 0.04349855318174167 85.47346693583015 -0.9911257498094587 0.03424601953327862 0.1284405991462092 -52.559971620398954 0.12672581900775762 -0.04826673747714206 0.9907627902642258 5.92986345240029
0.03550682948270598 0.998631325933895 0.03840460213569075 85.51644766425929 -0.9916718224519097 0.030446843285161538 0.1251399839665538 -53.596855435605725 0.12379939734249955 -0.04252808305439958 0.9913955260597964 6.071741804787542
0.031117400177601017 0.9988537419474448 0.036374209893526084 85.54679891413134 -0.9922683449421149 0.02649682337745816 0.12124965680368852 -54.67864903506482 0.12014686086531251 -0.039865948581710706 0.991955369807493 6.2135444323317595
0.03311147107260856 0.9986641184459127 0.03967092831859905 85.58096172222913 -0.9929024537831486 0.028332009285061754 0.11550776519154918 -55.67410322991981 0.11422949240654677 -0.04321399122632634 0.9925140763479691 6.326003590441184
0.03362413457586239 0.9988213627549584 0.03500680533775832 85.62366310485666 -0.993675776613234 0.029655178222225225 0.10830074180247709 -56.795403963988285 0.1071349511363699 -0.03842693076967878 0.9935016310800191 6.468615884106187
0.03738222977941445 0.9988620897433178 0.02961871219237527 85.6623509843377 -0.9936416298947149 0.03400421268446227 0.10733151521410961 -57.90729084507602 0.10620221034843952 -0.033442674854176825 0.993782016207645 6.612341380613374
0.04215918864045251 0.9988533958200317 0.022686339801151596 85.70200733730405 -0.9933071053515438 0.03945957422660073 0.10855397624345578 -58.96392238114038 0.10753430411779323 -0.02711104869667361 0.9938316669328346 6.732116556625643
0.041505625090894054 0.9989660126635778 0.01855699788355399 85.73914816485409 -0.9931245665778514 0.03921398328406747 0.11029908464182125 -60.09798022096308 0.10945733242965903 -0.023007441930799944 0.9937251972830378 6.861003461983097
0.04025338569565005 0.9989142898355168 0.023453785281821786 85.78947436805865 -0.9922950546194305 0.03721193721550887 0.11817709424741625 -61.18910554516288 0.11717601612630076 -0.02803010183388615 0.9927155243865078 6.9976077726472665
0.03739780043704061 0.9991494715333519 0.017375603549178605 85.82188401922843 -0.9917358273742166 0.034973676789867715 0.12343791934591253 -62.27923034556296 0.122725231365617 -0.021848314340815283 0.9922001745962097 7.135430275506971
0.03537141107687542 0.9991742710943399 0.01999531953054575 85.87264559833197 -0.9915350953767059 0.032585820759802056 0.12568352405939565 -63.352877224467605 0.12492816766737318 -0.024271663534305103 0.9918688708667989 7.274021915424154
0.031464266410146574 0.9992879318169818 0.020827933306341865 85.9105477389889 -0.9915581164390588 0.028584830806373866 0.12647307409037303 -64.4208431270422 0.12578764163861042 -0.024631487665170287 0.991751368412681 7.424459590118541
0.026343839170055245 0.9994052232028615 0.02225703291599862 85.93654534975154 -0.9919568231863282 0.02337709491001754 0.12439936360740629 -65.58999896444155 0.12380505712057448 -0.025355171277465335 0.9919825809170693 7.585378529530495
0.016488326740541404 0.9994224335860976 0.029717130880054655 85.97660640771583 -0.9923605778781348 0.012723016992029424 0.12271364068540497 -66.77066617020078 0.12226466213966174 -0.0315134499949874 0.9919971131930354 7.735646167015735
0.016859121602588928 0.9994616424419105 0.02814904701247702 85.9940588593554 -0.9916504887658224 0.013114282118290991 0.12828621528948206 -67.91904447235642 0.12784798466784184 -0.03007680748342233 0.9913376297659664 7.8953847744789485
0.015066710662223124 0.9995586004572771 0.025608046065896662 86.01795939867073 -0.991166024058324 0.011555307617393124 0.13212273429108745 -69.16332523241866 0.13176849394200718 -0.027372478815213232 0.9909025326084265 8.056730620416642
0.013485111312022745 0.9996578183904637 0.02241810530182601 86.03319287409103 -0.9907136672407778 0.010324141334639948 0.13557238268284588 -70.29461712894727 0.1352945317099388 -0.024038130899384745 0.990513793782944 8.224739023207254
0.014793152350575637 0.999574390031395 0.02514706699597489 86.05307564743296 -0.9914026907590316 0.011392918316395679 0.130349282569027 -71.50554117228258 0.13000729371321226 -0.02685914533064186 0.9911491853477469 8.392078692082764
0.01582569942972993 0.9995736460759069 0.024540718198133506 86.06477671306487 -0.9916674641262923 0.012552790080209356 0.12821114363737254 -72.64433734875699 0.12784841360618693 -0.026365261501708908 0.9914432277474874 8.563757849524945
0.015502230221180035 0.9995970193500469 0.023783467078507963 86.09391977044204 -0.9919329674889771 0.012381700915828265 0.1261574840792849 -73.67571213273864 0.12581215324396575 -0.025547326210061602 0.9917250899022682 8.701455853662983
0.016142956136871323 0.9996093109747984 0.02282112883392115 86.11788018361742 -0.9922066855126165 0.013194710267425318 0.12390247028731301 -74.88866037209378 0.12355293294303363 -0.02464342759781165 0.9920319510779045 8.859787793205177
0.015949206095664692 0.9995935841236758 0.023631820609180038 86.13881661208974 -0.9920234651947071 0.01286389482629602 0.12539535083588874 -76.1881779456553 0.12504037895623116 -0.025443275644323395 0.9918253682362623 9.035553109398705
0.017278344955300572 0.9995195194371981 0.025736406144623233 86.16998383021922 -0.9924780715034726 0.014025143037157855 0.1216166199407263 -77.24991182858129 0.12119721713193209 -0.027644151226074335 0.9922434445157566 9.195756568312119
0.011364248052523555 0.9995685289018332 0.02708843732717464 86.18902254339484 -0.9928165938881168 0.008052405745557741 0.11937503491257659 -78.3684596635916 0.11910538953767848 -0.028250456111711664 0.9924796399093466 9.345041268729263
0.01050704690320015 0.9995380350714592 0.028521780317202077 86.2004233079619 -0.9928142360070126 0.007027599548612747 0.11945934423337622 -79.47095642750276 0.11920370713823084 -0.029571992868866734 0.9924293381215081 9.498502389318357
0.009824922457526402 0.9995956445505572 0.026686922562605044 86.209441770402 -0.9924649174948614 0.006488173805256668 0.12235734731050092 -80.68041309952518 0.12213471037080136 -0.02768798442416974 0.9921272628867708 9.659349724618112
0.0068793231801658845 0.9995280632344007 0.029941597503701026 86.23408878373283 -0.9926445027857983 0.003206605321466346 0.12102329556626462 -81.92963619915898 0.12087015777042233 -0.03055391884053503 0.9921980047984712 9.82949730355606
0.00955138706000577 0.9994269759351432 0.03247559576001315 86.24270381420388 -0.9925272910001748 0.0055244731153094315 0.1218978511497422 -83.03435969213021 0.1216485785495622 -0.03339720668859371 0.9920112235475455 9.980776482227961
0.005843205826933342 0.9995510342312213 0.029389801880295725 86.26066798552422 -0.9926892324480345 0.002254815679914224 0.12067739177763914 -84.16485540674417 0.12055693163643164 -0.02988008108324937 0.992256632485213 10.120866304398799
0.0041718022306062846 0.9995138686401852 0.0308997735215354 86.25188836223703 -0.9933522908178516 0.0005874020736837996 0.11511259958841302 -85.3475156961074 0.1150384781281168 -0.031174586067952575 0.9928717497519437 10.286506045026673
0.0014242110641322268 0.9996698529184105 0.025657948681289712 86.24667625200235 -0.9920399415094219 -0.0018183331152779878 0.12591059293378304 -86.51789604262706 0.12591566658890446 -0.025633031937434294 0.9917097409540727 10.434081348170373
-0.0031185465454256554 0.9996313353153726 0.02697483391333948 86.25375193783921 -0.991947804716877 -0.006507615585716056 0.12648016822818137 -87.74331329202025 0.1266090692196466 -0.026363191694224512 0.9916023111293438 10.586393312174001
0.0035557489038787766 0.999624556927823 0.027171223347307556 86.24872540638457 -0.9916213413854955 1.601885362046845e-05 0.12917873025579354 -88.92355820149538 0.1291297834169886 -0.02740289067554665 0.9912490092501145 10.756640951010272
0.006053134872054496 0.9996162186916132 0.027036057932041495 86.26134114381678 -0.9911593844791439 0.0024140875615275923 0.13265472490055544 -90.07973229362126 0.13253853443970756 -0.027600018065042548 0.9907935171434115 10.93873039421697
0.0025049388648198554 0.9996106075921573 0.02779446009774112 86.26591311014195 -0.990729595488264 -0.0012944592923808992 0.13584263799364754 -91.23722175824108 0.13582570775305897 -0.027877070273738255 0.9903404787184867 11.095985769257384
-0.0011814858826207637 0.9995019402822406 0.031538056451667636 86.27656381919677 -0.990108703442018 -0.00559393407758567 0.14019091471337894 -92.39902052074825 0.14029749971938238 -0.03106046886354936 0.9896220877529432 11.274351854060502
-0.004044879347548047 0.9991386259269002 0.04130155776205986 86.27415119018208 -0.9898306145080831 -0.009873274161388605 0.1419080770715915 -93.60616066493093 0.14219360920887775 -0.04030754266256595 0.9890178447463354 11.46811451225416
-0.00986272349457569 0.9990733655557772 0.041896425431352385 86.2748138333133 -0.9900301830137977 -0.015643721655534588 0.1399840704962622 -94.79466815332611 0.14050975908768912 -0.04009809899095106 0.9892669850856539 11.667754903344337
-0.010360225733632896 0.9987430887461434 0.04904163482352575 86.2717660626529 -0.9888428685353312 -0.01752130863713314 0.14792840967418033 -95.929485853698 0.14860173629811743 -0.046961895939411503 0.9877814140896702 11.832856669791102
-0.009455804356480614 0.998716786177112 0.049754822013901516 86.25601859116989 -0.9894601396114973 -0.016535010762439982 0.14385845417407372 -97.02933661571325 0.1444965358003402 -0.04787011245355737 0.9883467110267594 12.010741890124317
-0.0064264398198431456 0.9985853364770103 0.05278446917361572 86.25384873166264 -0.9894275600767415 -0.013997786236905684 0.1443509426339983 -98.21191650155309 0.14488558656332964 -0.05129874229520384 0.9881177174644518 12.196955057468179
-0.009656574484137464 0.9980340196057798 0.06192753685045778 86.2451219243411 -0.9886426994727142 -0.018817444678354278 0.14910246762999427 -99.44769644842272 0.14997463885986084 -0.05978438373143154 0.986880668005375 12.385011997269636
-0.012311700557848545 0.9978298937998155 0.06468460875993313 86.23677364197343 -0.9894049508263699 -0.021515306817403622 0.14357912157097677 -100.6729346426604 0.14465923508681128 -0.06223156438480976 0.9875226355989749 12.57983049192693
-0.013389419436314491 0.9978098993250815 0.06477886844976508 86.21429527975822 -0.9893705507286823 -0.022602029761694186 0.14364919387085814 -101.95014944617972 0.14479870782931284 -0.06216692083827306 0.9875062662517524 12.774548603891716
-0.0200490684337373 0.9978648761594225 0.06216025517870939 86.18684479670114 -0.9890431176143167 -0.028890176986141408 0.14477257499863203 -103.23142373843928 0.14625927451071316 -0.0585766130378829 0.9875105177903868 12.973938461106913
-0.03131248377353392 0.9974987766008846 0.06337107053911183 86.16315799737062 -0.9881026033652662 -0.04044429998615891 0.148383062105097 -104.41829458963267 0.15057490723401587 -0.05797087334099057 0.9868974581371555 13.161918644286946
-0.04376369304574366 0.9973026012156121 0.05892736479068276 86.12214019518916 -0.9867667403101498 -0.05236861404258498 0.15345669675583626 -105.54224048448432 0.15612869250103764 -0.0514317282941152 0.9863967895449706 13.34149738743306
-0.054872063215791855 0.9969379589261967 0.05571298118135191 86.05934368981171 -0.9858113276936917 -0.06295544707057156 0.1556042003713839 -106.63810683482357 0.15863515456675195 -0.04638416129666995 0.9862471368974489 13.526138592479233
-0.06916192914850003 0.9957772306906462 0.06036976011322373 85.98419445924206 -0.9848340926659773 -0.07780345203012567 0.15507566563858424 -107.8921055331447 0.15911777759439388 -0.04872886238116042 0.98605631104237 13.748940334117396
-0.08242080996352488 0.9945402347370939 0.06400550847892436 85.90235400211056 -0.9841967265020393 -0.09132724323109827 0.1517108021360079 -109.04595512164319 0.15672792862830986 -0.05048988122658943 0.9863504174499206 13.950209633132829
