1.0000000000000002 0.0 0.0 0.0 2.168404344971009e-19 1.0000000000000002 9.791700870259712e-19 8.673617379884035e-19 -8.673617379884035e-19 1.6601845766184287e-19 1.0000000000000002 0.0
0.9999991034359663 -0.00021369544943106904 0.001322473093574971 1.3108280526873806 0.0002148955119230338 0.9999995955424004 -0.0009073157099689812 -0.003942406356058893 -0.001322279451633759 0.0009075998350035979 0.999998701021634 0.01013586052085011
0.9999724257014289 0.007284357978100124 0.001444797290970439 2.426609804167933 -0.007283633197990978 0.9999733760186961 -0.0005063872546474093 -0.01587986248379822 -0.0014484483132593193 0.0004958506745748061 0.9999988151667764 0.011560469551951868
0.9998936868823606 0.013986902963570101 0.004121037715474323 3.7078127290264056 -0.013977687421268682 0.999899791035468 -0.002256685273550803 -0.03148769197534531 -0.004152189457551683 0.002198843457565859 0.9999889492467015 0.017433945977534164
0.9999208221438592 0.011549018205408063 0.004997108684487112 5.030033916140712 -0.011561884092138526 0.999929929215076 0.002553425741325507 -0.05239291499665316 -0.004967269604209301 -0.002610998668538851 0.9999842414378322 0.03363317362964936
0.9999003580388349 0.01085912346472224 0.009019695391334041 6.4682621498612285 -0.010827624973061232 0.9999351657432883 -0.003533742241342054 -0.07781552234589105 -0.009057484400739809 0.0034357288779512172 0.999953064872933 0.038535688407611304
0.9997930703671546 0.018863026417331483 0.007616045808800423 7.714234031053065 -0.01889107000279575 0.9998149989218291 0.00362710517296257 -0.08634207176369396 -0.007546219175326448 -0.003770228937895375 0.9999644064441885 0.035728036156910614
0.9997911622998782 0.01693392635144211 0.01144007862504476 8.970701387805995 -0.016950150118776076 0.9998554913208118 0.0013226388064456005 -0.123298105836724 -0.01141602831884091 -0.0015162728028653536 0.9999336725101197 0.02739466124943644
0.9997307896241404 0.013746491432542468 0.018691809017650156 10.186364989108817 -0.013754243812005131 0.999905395193503 0.0002862288029274031 -0.13576105676161515 -0.018686106071922472 -0.0005432426488574289 0.9998252389956246 0.028008777469725264
0.9997531348094073 0.005939449554513429 0.021410134313381703 11.53344860567676 -0.006077678217490324 0.9999610999644493 0.006396942411515097 -0.15017281448927827 -0.021371307048849833 -0.006525486070144378 0.9997502985605639 0.017508517989723353
0.9998706894274866 0.003767042473001576 0.015633786757337287 12.792368015338644 -0.0038663844671345746 0.9999725275487654 0.006328957712660806 -0.15596196131016304 -0.015609515964766842 -0.00638858448005587 0.999857741483783 0.004442177687037736
0.999809181392097 -0.004727107691154549 0.018954068969633794 13.983585922077435 0.00445772248500387 0.9998888464440376 0.014229685657143455 -0.16632890273332693 -0.01901922741617516 -0.014142476979872295 0.9997190773105863 0.012209944963708879
0.999815055177555 0.0005719394711850644 0.019223157885956795 15.316617053063162 -0.0008143394356257113 0.9999202609274427 0.012604329610153248 -0.15889340176853903 -0.019214416133335237 -0.012617651342494415 0.9997357527330004 0.006354854092019998
0.9997202418372076 0.006327929974799112 0.02279027943561191 16.660783021852936 -0.006580028407341656 0.9999178376820674 0.011003708384903686 -0.17754756649285885 -0.022718776085757664 -0.011150589425268868 0.9996796965898621 0.009304517720544447
0.9995068398390459 0.007547678037613168 0.030481324524510106 17.88470324042102 -0.00785467781917237 0.999919532607185 0.009964578958904098 -0.18561280962956125 -0.03040366185011422 -0.010199084583465197 0.9994856528360613 2.1368410396521362e-05
0.9995737640169515 0.003094020188108886 0.02902961938475061 19.227967857817617 -0.003284086607562066 0.9999734997064647 0.006501934081617396 -0.20210614358767653 -0.029008732545761886 -0.006594497436254419 0.9995573921716632 -0.01010214992744258
0.9995916208817094 0.00044391871811666863 0.028572642034173926 20.442281847635485 -0.0005411519651277087 0.9999941195077882 0.00339537792250725 -0.2082635455342526 -0.028570966327987522 -0.0034094525286172458 0.9995859391377534 -0.044276758964444274
0.9994164024552131 0.001199151139527436 0.03413821925040014 21.715282825439882 -0.001128978068464591 0.9999972406315595 -0.002074758933120583 -0.20168006799795618 -0.03414061234277336 0.0020350075023828447 0.9994149546303026 -0.07730406717087357
0.9995246954012844 -0.001938258127830586 0.030767318894630486 23.117705202035427 0.0022927917366112197 0.9999313668653738 -0.011491960304534265 -0.19784793950893864 -0.030742932340872883 0.011557041456565994 0.9994604950217992 -0.11250893734027269
0.9994091349619606 -0.002137571373485889 0.03430471129121209 24.419309208820938 0.0022782324188234675 0.9999891860102784 -0.004061773798458153 -0.20366533040140863 -0.034295657322296315 0.00413752854856638 0.9994031533628988 -0.1188907278692782
0.9991726294859395 -0.005723139440449517 0.04026541487012086 25.789090672515957 0.005844941545541256 0.9999787203975038 -0.002907902567730627 -0.1970946365293733 -0.040247914775332856 0.003140846302704229 0.9991847750271742 -0.13672943771840562
0.9993553707445522 -0.011152721210986736 0.03412420324597846 27.150098341945515 0.011197291996050287 0.9999367166302465 -0.0011152907783841895 -0.17782514246779627 -0.034109604558683435 0.0014966712254632032 0.9994169645635688 -0.17389340988369634
0.999450754877951 -0.013076487977451888 0.030449885215440956 28.524486828705246 0.012812027830152822 0.9998786628195286 0.008864088670229947 -0.14638412283892385 -0.03056210115001648 -0.008469094168851712 0.9994969767951376 -0.20101927454828308
0.9994587228349235 -0.02277489583694824 0.023739564915215557 29.765980202642268 0.022608671412924837 0.9997181542752329 0.007247101234754326 -0.12251280065481333 -0.023897925769671258 -0.006706457423895359 0.9996918959249861 -0.21508178202938555
0.9993276361655712 -0.029499511645913922 0.021772824390703396 30.961235566470886 0.029298102158477758 0.9995254859230878 0.009512343926158058 -0.09830040857699619 -0.02204310222908533 -0.008868044538705272 0.9997176769646229 -0.22335448354773785
0.9991761919746703 -0.031834149890008774 0.0251699377301829 32.178698817291334 0.03150630698569696 0.9994148731003916 0.013316325795582286 -0.06155311288434238 -0.025579123726524367 -0.012512342554669261 0.999594479735929 -0.24245767289457182
0.9990895244407648 -0.03657710361699392 0.021959943471737187 33.47712716586911 0.03629072276379784 0.9992527829930297 0.013301113066543234 -0.026040340867981807 -0.022430050646314186 -0.01249205914485867 0.9996703534124085 -0.259657824253932
0.9989238510661886 -0.03869539323876208 0.025569665362619592 34.757565688617646 0.0382817225866849 0.9991312020816706 0.01647456310420393 0.01745714622310273 -0.02618493984883241 -0.015477981689053169 0.9995372705473824 -0.2753192557628042
0.9989747931478122 -0.040732280137745415 0.01975463195379982 35.922088644599555 0.04029226581361129 0.998941696219365 0.022182906861486492 0.07543933517965017 -0.020637285831050532 -0.021364204156217193 0.9995587263486141 -0.28050553992895144
0.9991508959607084 -0.036766299781498424 0.018593756340631432 37.206491383927954 0.0362274028062624 0.998936171871981 0.028533494326969593 0.13246076148801572 -0.01962304673609031 -0.02783566088501275 0.9994198748400256 -0.2871186332145841
0.9987278540649728 -0.04612302659377177 0.020379926549640808 38.391556276128824 0.04567810930269215 0.9987187212535614 0.021782714133575035 0.17864936666522507 -0.021358498752468712 -0.02082408509374373 0.9995549740841743 -0.2944362973033965
0.9991108407176302 -0.03745509246817061 0.01935576095829996 39.60700820876131 0.036935514400671915 0.9989652464568727 0.02653798474188185 0.23950750899372064 -0.020329715107118923 -0.025799471311508112 0.9994603864931692 -0.2968060416651073
0.9989169759202451 -0.03982149551764201 0.024065019980354624 40.84343446528749 0.0390716100954171 0.9987595911921407 0.030866628793932253 0.27785666412022675 -0.025264324538039028 -0.029892938285344398 0.9992337566113697 -0.2957393460012001
0.998905164207146 -0.03996458324361043 0.024316794197080507 42.15248289977911 0.03927693975893593 0.9988324167624278 0.02812802365157215 0.33909862838812577 -0.025412526752079275 -0.02714213681547562 0.9993085019644984 -0.30595575893371885
0.9987946506642061 -0.04243715072523016 0.0246644585680385 43.415103550410834 0.04171123526083402 0.9987018859636634 0.029236557808333775 0.39469442327089255 -0.02587315716995095 -0.028172530453488106 0.9992681634432627 -0.329981866048095
0.9986927766890321 -0.04460176629865357 0.02496841416180235 44.813150468905185 0.04380433177750797 0.9985395689744851 0.03162230536533012 0.45401170315754025 -0.02634235983789543 -0.030487241094054762 0.9991879615037447 -0.35378082848875303
0.9985823624281082 -0.0448797293870202 0.028619518011492116 46.17334732506933 0.04393360916831186 0.9984935177812874 0.03287238082400701 0.519631486231724 -0.030051706258300805 -0.031568418776680714 0.9990497005115762 -0.3680762509204334
0.9982439449653565 -0.05047509305697295 0.031004722131573233 47.55436281649041 0.04921861718040583 0.9979854326750565 0.04003329087236827 0.5949935367860744 -0.0329629444675513 -0.03843697814903058 0.998717185797944 -0.3866543755208339
0.9981786598624803 -0.05520389206713251 0.02432888754849271 48.866800798135614 0.05407166539974346 0.9975240233941844 0.04496819141593048 0.6725644162165184 -0.026751068600099015 -0.043570782836083205 0.998692115427557 -0.4000153017935371
0.9983174150638069 -0.050735097500060174 0.02807650504500538 50.172146102718756 0.04929408280716615 0.997540337388084 0.04983401620089527 0.7447485630879079 -0.03053577944648904 -0.048366157723795114 0.9983627873503687 -0.4208525387795957
0.9985734748870468 -0.04455168448682444 0.029430666573473242 51.535106855364646 0.04332326471417046 0.9982139134024263 0.04113560879776696 0.8142788440968425 -0.031210760954407824 -0.03980189269304363 0.9987200167935273 -0.4546126315319048
0.998075665772217 -0.052064300983318476 0.033679005775529784 52.82416460864398 0.050533072843586054 0.997716118456956 0.04482204822421438 0.8665996574697039 -0.03593571474761835 -0.043033889255708356 0.9984271044930975 -0.4831285632037091
0.9978809569740172 -0.053667231557295934 0.036788930932538315 54.24479053845397 0.05177173069677389 0.9973725539946713 0.05067284209170413 0.9436750992133441 -0.03941174022179926 -0.04866083457143306 0.9980374803166795 -0.5169449433616756
0.9975960568502826 -0.05988274303174249 0.03487357046999991 55.5920133257009 0.058275633246056745 0.9972673016655161 0.04540859043611438 1.0193867769640197 -0.03749746162190802 -0.04326714863225942 0.9983595887387035 -0.5547935872536655
0.9968043257302709 -0.06818544259870539 0.04161589956498446 56.95407610399254 0.0660957916827997 0.9965758866044794 0.04967805397922675 1.102912649052183 -0.044860720921280114 -0.046768660380695576 0.9978978817143486 -0.5899660700033014
0.9968909499735198 -0.06741486030185397 0.04078813485486704 58.26181458190905 0.06497985105416207 0.9961798767453929 0.05833808885587506 1.180985185062704 -0.04456517209425501 -0.05550630261777875 0.9974632674997505 -0.6394294126075639
0.9973139194904765 -0.06199539936984977 0.03900663944869006 59.62081313289336 0.05980024766296185 0.9966869216735293 0.055128677031429485 1.282185050213991 -0.04229513068162544 -0.05264798712283253 0.9977170368285309 -0.6826974667872538
0.9969812281581476 -0.06596275406335285 0.04095543004551832 61.06348131890228 0.06368881553488434 0.99647814974936 0.054544406997406425 1.3742405249262712 -0.04440908929754927 -0.051771343939230434 0.9976710554786352 -0.7287018681636784
0.9969442102266584 -0.0639781498698671 0.04482231038598124 62.499517053548516 0.061494424116542 0.996604255595889 0.05475814110780285 1.4730549394092365 -0.048173428510520304 -0.05183448646535713 0.997493098223632 -0.7722867214823191
0.9967289075427886 -0.06329281835983315 0.0502544076295027 63.82033108952289 0.06048224122822541 0.9966192547973193 0.055605934486257405 1.5599822995065153 -0.05360396503131917 -0.05238453999470075 0.9971872688255855 -0.8179741035350407
0.9966283225163728 -0.06337816689827185 0.052107544486185146 65.22067912924004 0.05999329598720188 0.9961359083546529 0.06414138297453262 1.6573751837433255 -0.05597135776870222 -0.060799012075710715 0.9965794807467748 -0.8794073779264464
0.9964002824675131 -0.061355736657823026 0.058497454230079134 66.55923356957129 0.05760481522776649 0.9962997723817935 0.06378486733861383 1.7423035631051198 -0.062194565920727626 -0.060185521317066726 0.9962477167848823 -0.9357363992720843
0.9961608719564125 -0.0603106309647166 0.0634519223447332 67.95289451926487 0.056176875918314134 0.9963007718328636 0.06503069386175936 1.8328512073154721 -0.06713923923237504 -0.0612164984145004 0.9958638647337954 -1.0094507154009522
0.996534738933664 -0.05821339543779147 0.05941141442165621 69.25379815617761 0.05457735950195941 0.9966389810002398 0.061091029353257956 1.913308484300326 -0.06276804581895405 -0.057636811504470226 0.9963624564329158 -1.090104744836318
0.9961800209900693 -0.05945033081181895 0.0639611242877636 70.61269208561359 0.05587152125618937 0.996846116100412 0.05635826838083705 1.9887337020699014 -0.06710991387559972 -0.05256937252466044 0.9963597215550914 -1.1635888233054734
0.9964828792790891 -0.061195704105992 0.05724472531327974 71.95359111625645 0.058165386563104875 0.9968892920219801 0.053184469017969256 2.065034066597999 -0.06032131286363264 -0.049667748230513065 0.9969425400721369 -1.235834044989572
0.9966998213363495 -0.0545796766202264 0.06008765698282246 73.41007397273053 0.051700331715473266 0.9974855131275477 0.04847460456802209 2.1489325575862503 -0.06258229365083391 -0.045208075102155035 0.9970153763469874 -1.2966600378222923
0.996908258022981 -0.04996969360501595 0.06063791124511924 74.75088692369573 0.04720650754767405 0.9978172713631877 0.046176824287921 2.2197250829231407 -0.06281299494574175 -0.04317155072788284 0.9970911287736254 -1.3532974799090067
0.9973490264779525 -0.05160111143383685 0.0513054203358443 75.94186844196952 0.04921418051288473 0.9976936989307058 0.04674727839409399 2.2843785586790983 -0.053599304559428074 -0.044098395618050255 0.9975883019863585 -1.4115213432316394
0.9975622582899701 -0.047770217144421666 0.05086795320193924 77.3272652419697 0.0452334546762187 0.997729177350701 0.049904746547713895 2.3485511120002105 -0.05313640015214272 -0.04748215550351912 0.9974577395022696 -1.471322177749513
0.9975343890924414 -0.05146617007003127 0.047711396855019995 78.71519116539325 0.04897160461535197 0.9974427031914498 0.05205666411108545 2.4116985232112995 -0.05026854037474527 -0.04959180596798942 0.9975037347472901 -1.5201904323318256
0.9972939282733867 -0.0534343941780197 0.05049344137043622 80.03147822152376 0.05106874802825987 0.9975870147237171 0.0470339400464351 2.461770495276769 -0.0528848300096177 -0.04432802322402975 0.9976162565421987 -1.575907547158853
0.9971495503911202 -0.05559275381135217 0.05101197263409631 81.21558140215527 0.052561440951921154 0.9968758959081017 0.05895594600479642 2.522886533814986 -0.054130127735251894 -0.05610662897341799 0.9969563429067346 -1.6271396498811597
0.9972295538233971 -0.05546782255043071 0.0495634857154608 82.43982029059642 0.052494971885698384 0.9968534218294182 0.05939355015944868 2.59121721063819 -0.052701959718556395 -0.05662716642288712 0.9970034311225335 -1.676243395656572
0.997091627371564 -0.05239458294514884 0.055345241684308155 83.76153111865756 0.04910372011654177 0.9970356727059174 0.05923472384858724 2.648291469500886 -0.05828475716771055 -0.05634478664305709 0.9967086466492681 -1.7204885132071757
0.9972783172158268 -0.04542599093396772 0.05807270298858484 85.05282684735491 0.04142833737017363 0.9968055839379051 0.06828163134986326 2.6937548330143253 -0.060988953509576914 -0.06568993117534172 0.9959744749226015 -1.7947866457792985
0.9973710127058703 -0.04705350430613903 0.0551092752641823 86.19529398720628 0.04319461565662407 0.9966648087070749 0.06923542987524493 2.7394913847010867 -0.05818324313826634 -0.06667298309866433 0.9960770039248998 -1.8420689168869877
0.9969651741491513 -0.054888294636672316 0.05520614204230121 87.39693793955627 0.051151202906877094 0.9964430669950474 0.06696886713635407 2.7931130663691026 -0.05868558262716623 -0.06394176408030045 0.9962265944068025 -1.9043973267387295
0.996759844447514 -0.056279523291325746 0.05746676629699511 88.5540687933077 0.052188527405567675 0.9961551294184005 0.07036601614054586 2.851208093864027 -0.06120597797327167 -0.06713890962006107 0.9958645335991895 -1.955520066868166
0.9965880530686314 -0.05577125061362939 0.06084259658685554 89.86388334494558 0.05118085777447658 0.9959022271911979 0.07456094259009943 2.9225027368479775 -0.06475163242032948 -0.07119256437626814 0.9953586384222524 -2.0313205202429727
0.9964440468394729 -0.05452933623132089 0.06423250331343267 91.06795528585742 0.04965903194742279 0.9959370337181979 0.07512300514147216 2.9784961986254856 -0.06806793423610655 -0.0716661433480239 0.9951033586677397 -2.087913239298246
0.9961955142616601 -0.05619883305988505 0.06660472957093914 92.39077647489552 0.05117378638175469 0.9958778456959934 0.07489072389892751 3.0317168038847986 -0.07053894359034726 -0.07119738305227136 0.9949649060590191 -2.165468326585501
0.9961868887780316 -0.05464832993159635 0.06800914744354102 93.62812658871295 0.049988089717222 0.9964024360206659 0.06843564031518377 3.0841257414653813 -0.071504371295966 -0.06477503657323293 0.9953347646535169 -2.2523893593120206
0.9960452086213881 -0.05290293293820734 0.07138083455995246 94.98370686375469 0.04808539032122544 0.9965530935639638 0.06760020290348491 3.1451622467558114 -0.07471103802389252 -0.06390047928241871 0.9951557484887662 -2.3440474361197396
0.9963435928286034 -0.044470664137078425 0.0729507130476562 96.14040805778018 0.039377432031078026 0.9967815073133495 0.0698291129229654 3.189315395436605 -0.07582126621856489 -0.06670117376290738 0.9948879651563942 -2.43137788471439
0.996180223113683 -0.042881831231629634 0.07606650446128806 97.38940153175223 0.037838552847231026 0.9970656096524548 0.06654678394670335 3.238804549222778 -0.07869694095747946 -0.06341434002975135 0.9948795842552468 -2.5190843258991555
0.9960572423916774 -0.03702150114738706 0.0806187311078875 98.64963352515146 0.031866273859837264 0.9974204636804458 0.06431966813205561 3.2804161732302064 -0.08279198000985508 -0.061497049195407945 0.9946675701920075 -2.5954038018816767
0.9967499202247555 -0.03351087725004655 0.07325721200974175 99.91971486471724 0.02894369208713898 0.9976226406412748 0.06254110692287107 3.318973508588272 -0.07517885816461706 -0.06021750569546351 0.9953501723003055 -2.6919174068590923
0.9965964056867821 -0.029632275857370112 0.07692550859931901 101.27116477651205 0.024798820421270906 0.9977025534080671 0.0630451736105136 3.359867250080457 -0.07861694569619211 -0.060922928061708244 0.9950415804835275 -2.7701895900632003
0.9965229673188015 -0.020528813433791353 0.0807498910135234 102.68259803904887 0.014998680788706479 0.9975380757900099 0.06850465247416773 3.3952917062806858 -0.08195740736146322 -0.06705531397751234 0.9943774647744844 -2.8610357197180063
0.9966821652890521 -0.014401720811695853 0.08010776058506058 104.00048390941754 0.009245580624768572 0.9978834644680512 0.06436746901186936 3.4113578436193968 -0.08086520926362374 -0.06341326205229542 0.9947057606810187 -2.96001054449875
0.9971066119917453 -0.014755991474186318 0.07456987670314098 105.30156976987595 0.009263384041221597 0.9972541943952568 0.07347327380766076 3.433572702523628 -0.07544929083977255 -0.07256991373344387 0.9945053978424968 -3.03488181769625
0.996945655866205 -0.024182241888063918 0.07426021748106036 106.58641187777636 0.01850765743212363 0.9969227881771566 0.07617402126908099 3.4412991924566985 -0.07587375916390476 -0.07456697285376136 0.9943253559248758 -3.1241827726784024
0.9970227062502772 -0.026523513641822122 0.07240323141290254 107.83913426568475 0.020832529990558735 0.9967157355806026 0.0782547674397798 3.4712941930920276 -0.07424102901185975 -0.07651343335842736 0.9943007283173098 -3.1988864098137393
0.9972031084890574 -0.02782359343909802 0.06936720796934215 109.19886026876591 0.022202115991662094 0.996504703615414 0.08053261578200394 3.5074853958620658 -0.07136545346748317 -0.07876727173385105 0.994335287094023 -3.2852021095464927
0.9967747024056496 -0.02848378906376893 0.0750257814238838 110.4187031744709 0.022433232464306112 0.9965191659459022 0.08028924255794855 3.536459314868209 -0.07705156841730418 -0.07834721081807593 0.9939440349269311 -3.371890843311375
0.9964415481647154 -0.032979657775486025 0.07756664706999988 111.79268999488555 0.027122070671206925 0.9967849233030346 0.07539410086414615 3.5649470858544956 -0.07980373330984189 -0.07302204249016385 0.9941323451461295 -3.465629529287019
0.9964001462136094 -0.036692425743410854 0.07642261440259185 113.14600608027565 0.03072788760446165 0.9964944996818835 0.07781111433441781 3.5975057694108847 -0.0790097907847007 -0.07518269608252792 0.9940347022993146 -3.553657058249605
0.9959130261650694 -0.04058322723633733 0.0806861044751996 114.58412690045829 0.03403059119150903 0.996133778716763 0.08099058123919638 3.631117188896582 -0.08366101044264551 -0.07791377478221749 0.993443633648265 -3.654186937372684
0.9963329534263906 -0.043012261866866144 0.07396345529589239 115.83068221350138 0.036660368858969665 0.9956900806274014 0.08519002982841908 3.6789327926547446 -0.07730889205487519 -0.08216610204557745 0.9936156405216507 -3.7412932888964514
0.9969736285477198 -0.039331871858294676 0.06705661272448525 117.19572432888882 0.034209520613310694 0.9965287335193789 0.07589632702913826 3.7385846252568458 -0.06980898370959562 -0.07337265794207434 0.9948583482412536 -3.8315022000071055
0.9973334365784899 -0.03247521068776803 0.06535578357643382 118.52533094403834 0.0276228629355072 0.9968885343132194 0.07382606643273673 3.7846408182406237 -0.06754994621258625 -0.07182388673174184 0.9951272824452103 -3.9157428684319204
0.9969043002979046 -0.028781374276075952 0.07316727421389368 119.82557874188045 0.023168395527174514 0.9968051666409099 0.07643785510810476 3.816886064360451 -0.07513350100508598 -0.07450605403875092 0.9943861318138242 -3.9920034830297673
0.9971321552894156 -0.026969154231541084 0.07071160499865148 121.12112227786464 0.02174063015334867 0.9970437994271532 0.07369577675311807 3.842988917252585 -0.07249007772113189 -0.07194710989592056 0.9947707153987672 -4.069735024073216
0.9972599784034645 -0.021965136341368312 0.07064042563427576 122.37803793885116 0.016573223280342643 0.9969678904382397 0.07602903519096756 3.878362926867897 -0.07209622190979507 -0.0746499703697769 0.9946001663560546 -4.145366590871103
0.9970721459928876 -0.020160174997375813 0.07376113138217316 123.7035587912808 0.014261707301555569 0.9967219096784126 0.0796372962794865 3.909765438237307 -0.07512483509101951 -0.07835216599957316 0.9940911283383879 -4.225064853636411
0.9973956540007587 -0.021289069184786142 0.06891071315266979 124.93411477059566 0.016237689497784927 0.9971960662642821 0.07305069030240775 3.9321183270535087 -0.07027267102120269 -0.07174148631799068 0.9949446643174675 -4.300137582500347
0.9973293724103373 -0.016509766879991623 0.07114458516806799 126.23222970810106 0.011185715825422137 0.9971513492426869 0.07459307576313548 3.9554997542955705 -0.07217343104591839 -0.07359805829924457 0.9946729592539489 -4.3804079174538115
0.9969679789762533 -0.011421871900508827 0.07697006698619024 127.67766828833682 0.005786399493428718 0.9973118569591523 0.07304545185316283 3.98783134564649 -0.0775974736587457 -0.07237859298294125 0.9943540343182387 -4.472063667388456
0.997090508060852 -0.007718692943800984 0.0758349654694765 128.87408758333132 0.0018359953599256349 0.9970032876614671 0.07733779153885485 3.990572096440917 -0.07620465405141436 -0.07697354104690254 0.9941166424947184 -4.555231383098311
0.9976402025737731 -0.00933166936937 0.06802167028901084 130.1632654832044 0.003683163829263794 0.9965679822797403 0.08269674410723286 3.9972364811415724 -0.06855991521240654 -0.08225105718898199 0.994250610169654 -4.638046686968604
0.9977473026113182 -0.013879215121145785 0.06563298707985696 131.4825024090959 0.008039209530199602 0.9960508219797856 0.08842053850981939 4.00468882980221 -0.06660099631486734 -0.08769371181742389 0.9939185552161286 -4.7111949202344725
0.997336162116101 -0.014074459804226364 0.07157157809012174 132.7804490092723 0.007353126363908861 0.9956089660729622 0.09332083740862537 4.020471673603573 -0.07257074288565776 -0.09254596611513508 0.993060272913083 -4.791358770026242
0.9972026587503751 -0.019897072880509094 0.07204835421809086 134.00625435066496 0.01300837926486283 0.995406737805247 0.09484866307788245 4.033469974562154 -0.07360462559656955 -0.09364610177641614 0.9928810305964338 -4.859183459839703
0.9975065958343919 -0.012133366481063805 0.0695224723257437 135.29238076350708 0.00512248076279549 0.9949594494233548 0.10014746467511429 4.0564264440860205 -0.07038716442466529 -0.09954162388395343 0.9925407227938646 -4.935254976600954
0.9971889071334032 -0.009654921475113395 0.074303885867178 136.7458604611568 0.0027948353994485114 0.9957661647711711 0.09188032694133504 4.064495060333515 -0.07487639034970457 -0.09141437087871085 0.9929939139644385 -5.022754536001458
0.9966977221579739 -0.00843682358700662 0.08076182344667651 138.11283941581917 0.0008309861077047402 0.9955954533019585 0.09375000433813431 4.066192199091496 -0.08119705374598522 -0.09337329893756559 0.9923146878454707 -5.119329504804693
0.9966001065959889 -0.0011869758106634349 0.08238215883826217 139.52242034507051 -0.006524074301278358 0.9956196376711833 0.0932686122168478 4.057897914147778 -0.08213199995859835 -0.09348897131849321 0.9922268495812725 -5.217155876725771
0.9963642644349863 0.0018933502621025955 0.08517434622747636 140.96811837003847 -0.00990867466182021 0.9955435699711433 0.09378101589554891 4.049428694336195 -0.08461720953452884 -0.09428401289056167 0.9919427538770615 -5.32715775960261
0.9965364861387792 -0.00018102739810847164 0.08315648198920048 142.27192979719518 -0.007372110181299982 0.9958678939074417 0.09051436550446215 4.043009197080882 -0.08282925337231639 -0.09081390172619971 0.9924173135553487 -5.426957752971642
0.996927578388933 0.003281746441986441 0.07826004767078028 143.591791843663 -0.010299426200121002 0.9959392370344815 0.08943723185545892 4.04301646718261 -0.07764873928893037 -0.08996847183061293 0.9929130483424369 -5.521114935616557
0.997060584668601 0.009970222926832273 0.07596569376146797 144.6396071566124 -0.016757638025415217 0.9958690047410922 0.08924218425520349 4.027790365372526 -0.07476211293986894 -0.09025286527593543 0.9931087659383622 -5.586541087399088
0.9975712017020796 0.009912706417801023 0.06894517575369388 145.98926309736237 -0.01619960157791572 0.9956976698696902 0.09123477194376088 4.007618374767961 -0.06774416521592821 -0.09213006064753633 0.9934398593823608 -5.658480860546034
0.997477025459106 0.01451071951057315 0.06949118054907281 147.31518943343391 -0.02149235824015896 0.994674600778247 0.10079969042986053 3.9818162375409627 -0.06765843412210554 -0.10203889947861412 0.992476888139318 -5.743252875488345
0.9969656597731255 0.017994631793352745 0.07573419263003009 148.45986588464302 -0.025551048680873205 0.994657205061419 0.10002124183171197 3.954424840124649 -0.07352971258225868 -0.10165282617120383 0.9920988148890935 -5.822160413920668
0.9965468267510144 0.021316582027824164 0.08024977817227379 149.80345002252486 -0.029182752695818454 0.9947425156507463 0.09816188154657282 3.922537471111634 -0.07773538786903718 -0.10016481583588403 0.9919295304338812 -5.903602007099099
0.9964015562518276 0.02330214625925403 0.08149202508351891 151.14353840227352 -0.03155807800104393 0.9943311080160163 0.10153716477903721 3.886531163534325 -0.07866401914185711 -0.10374351537468877 0.9914883909131349 -5.988483072748468
0.996121475813962 0.027052352768157085 0.0837268004015783 152.44074690913092 -0.035382556513217645 0.9943917167370333 0.09966568550011988 3.843509952061492 -0.08056104283524747 -0.10224159273168312 0.9914920823175304 -6.086292850118373
0.9963146357447072 0.029023042392016935 0.08071437966537683 153.6696549867443 -0.03693512315499855 0.9944684051775717 0.0983282678986366 3.797523133735183 -0.07741411240268113 -0.10094708278296773 0.9918753529974822 -6.167375955864458
0.9964148511433724 0.025056230772868386 0.08080613339315272 154.89411752746966 -0.032824372924333836 0.9948124252916057 0.09628530269153869 3.7584354637409514 -0.07797439621679214 -0.09859251112027322 0.992068286203622 -6.238539557336827
0.9968053632635888 0.02436827180978165 0.07606087411747076 156.1461310295104 -0.03209620843766226 0.9942568733163325 0.10209389675196201 3.719476520617822 -0.0731361927094048 -0.10420900417639874 0.9918626694103889 -6.3126917892096355
0.9970460538253865 0.022708984324430644 0.07337213405470558 157.3321947140762 -0.0300462339837197 0.9944834794046667 0.10049822635960938 3.68533708908754 -0.07068516027900759 -0.10240591106147334 0.9922281046721901 -6.388967064720153
0.9974928350804335 0.020283269647242558 0.06779848382656524 158.66487583907207 -0.027262200120206727 0.994240016462108 0.10365144763522086 3.625863801861758 -0.06530557340832378 -0.10523990681505963 0.9923002158120967 -6.4641262208748405
0.9974365370131119 0.02373402776781605 0.06750594070726018 159.91609400272415 -0.030966222805206205 0.9936476821374818 0.10819166934118526 3.5881448467266432 -0.06450929546189271 -0.1100047224155376 0.9918354127831173 -6.5228522271229625
0.9975989643087599 0.02147579066485053 0.06584146337205526 161.2316247026267 -0.028852030426110505 0.9931519015288182 0.11321184265273276 3.5505693043622957 -0.06295925881229752 -0.11483967108229039 0.9913868850660086 -6.592378984226104
0.9978526355786586 0.016337883200188474 0.06342864270049424 162.52052824418345 -0.0239941754696857 0.9922535586068973 0.1218901778746849 3.5181991370446934 -0.06094586713104118 -0.1231503470578284 0.9905147992355026 -6.660154904666864
0.9979007394112063 0.02184258208859722 0.060967346701622155 163.84209456828646 -0.029165098860545722 0.9921103986471791 0.12192790653264664 3.4847931687889626 -0.05782311665763031 -0.12345006060085706 0.9906646980300696 -6.735656374378426
0.9980534932036178 0.01577442605904564 0.06033567485434525 165.14759541232718 -0.022952659996199845 0.9924848460419139 0.12019594944548292 3.4422046229794017 -0.05798621916397607 -0.12134684535370382 0.9909149891464645 -6.790457149982003
0.9976378189951844 0.018620708945101053 0.06612150015296868 166.40682066617478 -0.026133171656072696 0.9930638257091972 0.11463575312201299 3.40535938866414 -0.06352826898137642 -0.11609292137977792 0.9912046039295341 -6.850507686844785
0.9976048136102572 0.016842843960719278 0.06708916412152247 167.73679461924138 -0.024362045788214888 0.993309069701507 0.11288774628179594 3.371813045235712 -0.06473892252178734 -0.11425178259826066 0.9913401920073673 -6.937380644936008
0.9971756117936382 0.021230834873168555 0.0720420180737428 169.10679029477882 -0.029071782883906907 0.9935506321562851 0.10959942184446357 3.3291709491782933 -0.06925050319387249 -0.11138425478896438 0.9913616342172359 -7.021370226861065
0.9968957058306731 0.02925102870297157 0.07309808814017017 170.34121834301615 -0.03708851579506246 0.9934291285650311 0.10827312224871993 3.296464123883578 -0.06945066761373886 -0.11064810461336373 0.9914300660756876 -7.095552567136709
0.9967925616794922 0.029467571782309767 0.07440599886606093 171.7670395736337 -0.03791740922094523 0.9926605662314856 0.11483610413890577 3.249848345278753 -0.07047595759860323 -0.11728905122496691 0.9905939592328802 -7.168462432208566
0.9969508069399905 0.02840040939110485 0.07268085553765623 173.04563488875027 -0.03655092349354795 0.9928779594633182 0.1133906878476797 3.1968723430577395 -0.06894287542370582 -0.11570148430757492 0.9908885006208831 -7.255414487300992
0.9974643411924604 0.02890166310503364 0.06503524731113304 174.1823395065006 -0.036297501336717164 0.992634985998382 0.1155782698241624 3.1698249567015 -0.061215855768085 -0.11764581382597929 0.9911670170547294 -7.298013882439043
0.9970504022672133 0.03449763364815248 0.06855953679125988 175.47036311871457 -0.04215325112734614 0.9926370951729575 0.11355510201145518 3.114701152319237 -0.06413735519558618 -0.11611016166708112 0.9911633590037143 -7.358256498682445
0.9964580614226506 0.042753276323705985 0.07241195110593468 176.93190797843295 -0.050954987611047525 0.9920002314665145 0.11549541330626048 3.0543171755456333 -0.06689486288101773 -0.11877607976385118 0.9906650768051872 -7.444603987573871
0.996786164692241 0.03702543339805858 0.07103844475623677 178.3865800907164 -0.045306570264004566 0.9918900397610454 0.11874983873921337 2.989836419063343 -0.06606555952298103 -0.12158669852141898 0.9903797205077168 -7.5354386005150875
0.9968777215527197 0.03979633916045863 0.06819868865931493 179.7523455557888 -0.047735608767781566 0.9917403400337401 0.11904818390960607 2.9287561459253597 -0.06289770689294462 -0.12193198215635226 0.9905435095948075 -7.61965992720359
0.9966491589337197 0.04585952543092246 0.06773004796636056 181.17175220425094 -0.05393414360442568 0.990982827362141 0.1226548185512445 2.8579432695278606 -0.061494420842149324 -0.12589677761858067 0.9901355522330831 -7.69147536846132
0.9969520586770275 0.04661046654984926 0.06256243746217091 182.57649327587373 -0.05418412578696998 0.9906252664596512 0.1254022426087027 2.791624307062476 -0.05613087266437706 -0.1284099085400561 0.9901314027582583 -7.759457379806647
0.9969843259000922 0.0454161978161484 0.0629255461559846 183.89890752702024 -0.052904733776074894 0.9909996526105624 0.12296681729910756 2.718472430172979 -0.05677450746985215 -0.12592504245546363 0.9904138090664485 -7.818417682863399
0.9963858130923913 0.04909732918378426 0.06931641370410899 185.11589774763345 -0.0572061444686344 0.9910863687842912 0.12031345366103756 2.6610238693641937 -0.06279148164260312 -0.12384393695808738 0.9903130228958994 -7.874295229388388
0.9963209010091282 0.053604552227351485 0.0668671493816662 186.57099450473302 -0.061314518080168814 0.9909800549759855 0.11916006461577011 2.5823031375186476 -0.05987648772137402 -0.12282158386042681 0.9906208351137858 -7.953376725824147
0.9966175340788491 0.0492258725313573 0.06580505842020369 187.926998393423 -0.05717262508623603 0.9905187513127877 0.12491579053646323 2.5026852341869055 -0.05903205380654834 -0.12825550870245653 0.9899826843517119 -8.028577152242129
0.9968401668433265 0.04792492914894859 0.06334733149393722 189.28799094054335 -0.05547599870808465 0.9908065415256002 0.12338910537103641 2.4270284080708104 -0.05685153468646107 -0.12651346657660878 0.9903343980615487 -8.095803319963045
0.9973471386498322 0.04024828232228778 0.06065280101251255 190.48614447126758 -0.04775965197554123 0.9906270829307519 0.1279728826514804 2.3567149194433337 -0.054933617093312515 -0.1305301385341498 0.9899212872004863 -8.127449369574752
0.9977211100940652 0.043838447615067735 0.05129111479518257 191.78173967945793 -0.05012667123630531 0.9904359229311034 0.12854594464714028 2.2973836565368315 -0.045165306855831124 -0.13082404895961347 0.9903762605574701 -8.170827420588784
0.9974085549509206 0.05458121326247825 0.046872882811679985 193.0692030648071 -0.06044520509510857 0.9890696813117305 0.13449016015221005 2.234378642692708 -0.039019910325258304 -0.13697487056719843 0.9898056908488022 -8.206386113547191
0.9972424374090173 0.054858812767332926 0.049980327788501464 194.3580805030473 -0.0613400362851946 0.9883852745249889 0.13903959701300247 2.162899866805716 -0.04177227183562145 -0.14172197479389953 0.9890247385033271 -8.254502073021282
0.9972459317355616 0.04889052925134967 0.055769788057329975 195.70739889127705 -0.05637052846928985 0.9883209162132809 0.1415775073317747 2.0907624255662474 -0.04819664753383788 -0.1443313585700204 0.9883549546115491 -8.302393559355794
0.9970898865628993 0.057197790293029474 0.05040012274929783 197.090801822688 -0.06389360417529417 0.9876286397117552 0.143203833235858 2.0066932864321023 -0.04158566091299154 -0.14600733219656506 0.9884090580102135 -8.368081471751902
0.99711735393889 0.055351302404445815 0.05189621633224348 198.483690792069 -0.06235771334863117 0.9874796499433158 0.14489829888787897 1.9149065126018832 -0.043226146967730764 -0.14771673054953505 0.988084632984162 -8.400564788355984
0.9971856892575419 0.05933742167770092 0.045823280133236215 199.8252067011749 -0.06537577642305391 0.9874059420891811 0.1440679487981419 1.83055323554976 -0.0366975577405987 -0.14665822217929134 0.9885062616536382 -8.454016348566983
0.9977238083996863 0.056303315265153066 0.03710984123038368 201.20483933802515 -0.06112210282203906 0.9875411423741902 0.14500565903348725 1.7529419847748926 -0.02848319530282572 -0.14694382272673753 0.9887346432451735 -8.488889160905272
0.9976593347226946 0.058458252702727545 0.03547514630244561 202.58531320650286 -0.06314671162661496 0.9866743583632802 0.14995420582964303 1.6700340358905772 -0.026236356094344528 -0.15184334467280355 0.9880562871126488 -8.50991343092772
0.9974225577527087 0.05910788483358161 0.040675554207777735 203.9109938391717 -0.06463757443237944 0.9863023898272485 0.15175519852512967 1.578716155974578 -0.031148467047559414 -0.15399321994685441 0.9875807994368627 -8.531183374344264
0.9975109491847083 0.0565070052561625 0.04217660592280789 205.3546517804738 -0.06212241550220433 0.9872497118898996 0.1465567205976112 1.4847234915017917 -0.033357360088031994 -0.148812038853705 0.9883027055642045 -8.567932948164403
0.9973091519202821 0.056651238219894026 0.04653057250631652 206.69620959941014 -0.06281859223211475 0.9875764235306383 0.14403712244853079 1.3957883181195405 -0.03779261427343125 -0.14657251833628707 0.988477713142944 -8.597011108602782
0.997094423226637 0.06219988391636812 0.04397598304410652 208.31836264677395 -0.06795123077503457 0.987179507323934 0.14442752868715092 1.2915569218464817 -0.03442881313748986 -0.146996098414645 0.988537696844274 -8.640395873758385
0.996503185298322 0.06637600642836496 0.05075065452272382 209.8060233777709 -0.07343661453709013 0.9854868441081239 0.15304510518793443 1.1975985017899144 -0.0398555786225225 -0.1562368834950511 0.9869151651959674 -8.665517423046955
0.9964275667287307 0.06361223130041864 0.05554808516598922 211.22838646640201 -0.07144237245600431 0.9856760585814869 0.15277027015740757 1.102895854944604 -0.04503435880450611 -0.1561929879778053 0.9866993621357004 -8.701914178303324
0.9964100325419873 0.06285100685450339 0.056716835777533274 212.6849453080108 -0.07089289915420899 0.9856478992545421 0.15320729757901164 1.0104620603392156 -0.046273595988797156 -0.15667810169031463 0.98656510224635 -8.753214177726441
0.9969929275597343 0.05624616753658354 0.05330546413719515 214.136975414131 -0.06402848637492471 0.985393973036795 0.15779458584546247 0.914558662112201 -0.043651541351649656 -0.1607331465009035 0.9860321357637946 -8.80957912662549
0.9967473082218773 0.06330631853235424 0.04987098414796577 215.47332378653738 -0.07045179482485868 0.984958171810249 0.15777834096292395 0.8286470334503993 -0.03913246663813044 -0.16077862921923633 0.9862144070366062 -8.846842603977043
0.9964350231136356 0.0683659243646064 0.049430219217252595 217.05734513567523 -0.0752174011688671 0.9852736632686937 0.1535519831110463 0.7167486061283516 -0.038204569121019924 -0.15672257887692503 0.9869034493676719 -8.881593701359815
0.9967724862965575 0.06602034311871428 0.04567194248366035 218.6495069399681 -0.0724190047167449 0.9849910095986404 0.15667884111306085 0.5927432596173042 -0.03464246126203724 -0.1594806669095045 0.9865930219524026 -8.936604758386443
0.9966796826465836 0.06622762200628668 0.047365744546690625 220.09807274291592 -0.0728617290992959 0.9850997268416946 0.15578753832038136 0.5019311422440901 -0.036342543113552686 -0.15872141661962896 0.9866542989678116 -8.964833870323785
