1.0000000000000002 0.0 0.0 0.0 2.168404344971009e-19 1.0000000000000002 9.791700870259712e-19 8.673617379884035e-19 -8.673617379884035e-19 1.6601845766184287e-19 1.0000000000000002 0.0
0.9999982171125965 -0.0016114251520283247 -0.0009879608937320645 0.5653133714342577 0.0016094785880656469 0.9999968163216588 -0.0019677108562877557 -0.005284684743134255 0.0009911285002959852 0.0019661179036074053 0.999997566565746 0.005766731512927392
0.999998651775774 -0.0016238688880911986 0.00025784217788725364 1.1743524428828613 0.0016250411526268227 0.9999880820885915 -0.004614096100601135 -0.0008341649177492257 -0.0002503464096639176 0.0046145093813045246 0.9999893123041733 0.016715440946826136
0.9999998450044786 0.0004498987631004744 0.0003384793074408109 1.7513852035281163 -0.00044857341449138627 0.9999923167720086 -0.003906422869464737 0.002236110905773997 -0.00034023418964351565 0.003906270971340646 0.9999923031606408 0.024537037985944928
0.9999966712411149 -0.0020538665159314253 -0.0015640093170657084 2.3297517222224617 0.0020462150763224047 0.9999860561534529 -0.00487805938022491 0.008632755641249355 0.0015740062898488513 0.004874843324557637 0.9999868696635416 0.03667743736415612
0.9999942799663715 -0.0026757367439064804 -0.0020706167040323484 2.9773899136632 0.002658049593362108 0.9999604059622926 -0.008498013937293904 0.010542230750810422 0.00209327303546119 0.008492461789523599 0.9999617379647487 0.043223516271128026
0.999986573311325 -0.0018102704624158251 -0.004856243820697208 3.5877910470982664 0.0017777629509833528 0.9999760895528337 -0.006689906001260229 0.011511687622815065 0.00486823794396248 0.006681183300128421 0.9999658209867772 0.056485586168631766
0.9999839199472149 0.0034863888288047193 -0.004473469129829275 4.175433112108712 -0.0035050680576043524 0.9999851916595789 -0.004174436519995365 0.0062522152860082355 0.004458848895959359 0.004190049731583665 0.9999812714458697 0.06878371723563864
0.9999660458691464 0.0061731674483084965 -0.005459496185377246 4.849515910439041 -0.006211103189601347 0.9999565435433106 -0.0069590360593678475 0.004616147198260182 0.005416299299821821 0.006992709619110851 0.9999608726379277 0.08906272453563094
0.9999547961912028 0.007277378706742045 -0.006119830021134648 5.5180830050321115 -0.007323126987817145 0.9999452085370566 -0.007486434110787381 0.0018639039405603632 0.006065012710121994 0.0075309123088933665 0.9999532399434236 0.10096513927979511
0.9999249118642068 0.00566042410145086 -0.010869094648076923 6.085327680217182 -0.005714032922197255 0.9999716803496717 -0.004907472588884913 0.0035777253796656634 0.010841007795261988 0.00496921093645381 0.9999288777635038 0.11459982302966032
0.9998607871476464 0.005606346272741958 -0.015715667089828397 6.701580021799346 -0.005678232946887561 0.9999736506219673 -0.004533287236526681 0.005211175983813921 0.01568983685306534 0.004621893860204522 0.9998662151555062 0.1322780757930957
0.9997924627032201 0.003711197131563213 -0.020031613110285368 7.312331774145027 -0.003835948782558494 0.9999735139394131 -0.006192889260451209 -0.0025886206682911054 0.020008098298689908 0.006268444644269895 0.9997801576831477 0.14758180254462527
0.9998364716459973 -0.0009352152086304813 -0.018059964704158937 7.868838635125918 0.0008040981613711154 0.9999733266168964 -0.007265978370276002 -0.0019466670054677504 0.018066277138001484 0.007250268530481068 0.999810494208446 0.17094411966910122
0.999942789580446 -0.0013161877049520543 -0.010615658346055015 8.482560937066454 0.0012172603713035096 0.9999558738504459 -0.009320063839480154 0.0018440322729267335 0.010627456221910737 0.009306608828329814 0.9999002076702934 0.19212211000938925
0.9999916217005457 -0.0007064889739528567 -0.004032913111052494 9.159518603075185 0.0006727512304351453 0.9999648692877207 -0.008360774902255582 0.012044957380903627 0.004038677975490752 0.008357991977078353 0.9999569061429844 0.20697093954391435
0.9999991337863537 0.0005212671519554128 -0.0012114838907417475 9.917629837372882 -0.0005256452674286822 0.9999933712568828 -0.003616089066845447 0.015690161764942884 0.0012095908299666362 0.0036167233029828737 0.9999927186211416 0.21881577264942578
0.9999797584177766 0.003067858430299297 -0.005574763268115536 10.666805356959761 -0.0030856510949820587 0.9999902122240163 -0.003185776872142914 0.021759933637320622 0.005564934844268975 0.0032029147440122124 0.9999793767523656 0.23069095240077075
0.9998323874973697 0.002561066093012009 -0.01812856414324247 11.352092920010085 -0.0025959321286686673 0.9999948730876788 -0.0018999725085133167 0.02240781224018946 0.018123604139133602 0.0019467152300398475 0.9998338493797602 0.24451719137366623
0.9998784418414125 0.002946102981863814 -0.015311074558240344 12.140636305698226 -0.003001829583408492 0.9999889973526054 -0.0036178935412714292 0.012866678062310007 0.015300246473846797 0.0036634155481818946 0.9998762238082717 0.25976493807750395
0.9999143193210397 0.004565641366595817 -0.012268493052214871 12.903697985100955 -0.004591691222222507 0.9999873090912923 -0.0020959458172483186 0.012352795663132958 0.0122587672644286 0.002152100013179788 0.9999225330911481 0.2802475146460231
0.999988512448959 0.004382812199176549 -0.0019423988940469802 13.52505904949123 -0.004393894899835382 0.9999739295329152 -0.0057383711018375565 0.010371990348724214 0.001917197924460299 0.00574684030750645 0.9999816394671088 0.29276713328941206
0.9999941091745607 0.0018891367066381126 0.002867013219221537 14.255078635359146 -0.0018775341667923921 0.9999901064992998 -0.004044345406196095 0.012816498755430599 -0.0028746250117479832 0.004038939198529903 0.9999877022213428 0.30332846655078616
0.9999854766921296 0.0013895673364222349 0.0052079260316077475 14.991398138439127 -0.0013645899700742664 0.9999876127427137 -0.004796583798375277 0.01502126151477581 -0.005214526390031605 0.004789407939280294 0.9999749253750554 0.3056930713114374
0.9999954796830508 0.0021647174203869766 0.0020884439360248476 15.74529786605926 -0.0021653857285662357 0.9999976525905545 0.00031761426289075856 0.02164673438053647 -0.002087751372198486 -0.0003221343181946763 0.9999977593056986 0.3074202755863133
0.9999827500536294 0.005804952749956029 0.0008995025682338599 16.559863996339043 -0.005807205699659529 0.9999800051706019 0.0025220193809265355 0.017913536558220793 -0.0008848443387421629 -0.002527198543793619 0.9999964056989132 0.3239695863660231
0.9999893537963558 0.0017454896840715813 -0.004272299828968485 17.362972060408513 -0.00172647847409017 0.9999886575312174 0.004449611419573559 0.007156061492397949 0.004280017853192506 -0.004442186969782493 0.9999809645762417 0.33286341395000063
0.99996636822664 0.003299905388316809 -0.007508663407753751 18.21474815001209 -0.003258212597454197 0.9999792927440384 0.005558155682922849 0.002361348873291891 0.007526848846260948 -0.005533502820028241 0.9999563530403291 0.34709491780563995
0.9999280204998384 -0.002746964409382667 -0.011679682869297787 19.075003558893034 0.002818276669185804 0.9999775098282759 0.006093612643523358 0.004917099673701067 0.011662680543403948 -0.006126089459651386 0.9999132132356309 0.36315764829812586
0.9997567284347951 -0.0038154734860703543 -0.021724021210433195 19.97541013514753 0.0039573559795092 0.9999711443517489 0.006491899436876391 0.0063906620182130475 0.021698623363221564 -0.006576288653953519 0.9997429185867786 0.38528274734307233
0.9997371088311552 -0.0016906210385790985 -0.022866176167998367 20.8364097902373 0.001872523732716394 0.9999668034121513 0.007936037383222096 0.012092363065149495 0.0228519988695748 -0.00797676726840164 0.9997070262953741 0.4206013077873979
0.9997859024618548 -0.004268365391061082 -0.020246907950152073 21.77949692751143 0.004465718182193778 0.999942911775267 0.009712132222702593 0.01814160506441158 0.020204295935438953 -0.009800468495638355 0.999747827372357 0.4471120297144255
0.9997912899523927 -0.001965665805342093 -0.020335183288852726 22.620327368761455 0.002232817622203476 0.9999114432572762 0.013123076217497625 0.024744180594928625 0.02030758565547244 -0.013165740483491926 0.9997070802665627 0.48295487660015984
0.9997908680212565 -0.00011633234543882432 -0.020450273206166665 23.512472035106914 0.00042885247881748893 0.9998832363006129 0.015278246344318546 0.03492974948114745 0.0204461067590076 -0.015283819625091826 0.9996741182349355 0.5110721476989637
0.9998265911340581 -0.0024583305534396486 -0.01845944902368008 24.61818242750584 0.0028403630105714103 0.9997817829093101 0.02069816082271289 0.04450668545559009 0.01840453681713102 -0.02074700108456133 0.999615334047689 0.5505577312996431
0.999795594571076 -0.007290156404467063 -0.018858146303016413 25.614008168338533 0.007759118280644597 0.9996594987069045 0.024915410680156885 0.04602098488541002 0.018670086708710006 -0.02505663813254661 0.9995116676860318 0.5752214180722725
0.9997690836287527 -0.007367485439401076 -0.020186791833844617 26.480300581545592 0.007885583660791659 0.9996384668469718 0.02570696658413349 0.05133309675479932 0.019990096727312678 -0.02586021272187871 0.999465670507767 0.6071768858561761
0.9997782514266127 -0.010658812583515564 -0.01816162643523897 27.407951601404232 0.011237370245966136 0.9994228983786179 0.03205755242109964 0.05540070298285984 0.01780944881237446 -0.032254529900191835 0.9993209944390469 0.637096195052353
0.9998390926914922 -0.010724705537686589 -0.014379721941071262 28.35047175522746 0.01119094151997827 0.9994011454966019 0.032744589916045216 0.06661894863291222 0.014019933648321126 -0.03290024093561377 0.9993602937377509 0.6679616786248042
0.9998886854504822 -0.0053713899494858535 -0.013920196271470427 29.496013019309522 0.005827928490476651 0.9994395116904337 0.03296653882789204 0.09055002733955067 0.01373531719519292 -0.03304399230832853 0.9993595032452552 0.6908354238182883
0.9998223262624035 -0.00865234313574976 -0.016746935588815376 30.623751278415554 0.009141765615527635 0.9995267890500621 0.029372113534726105 0.09891123115764214 0.016484872153346417 -0.029519988881726907 0.9994282367129916 0.7230708527819735
0.9998035981653114 -0.005331690957911709 -0.019087827360504968 31.713036466298036 0.005860988890854384 0.9995968731468255 0.027781917952216545 0.12111987987711349 0.018932006796322433 -0.027888332615501468 0.9994317390974333 0.7614771793237372
0.9995867294641583 -0.0038831284714127374 -0.02848330350469843 32.67813214407854 0.004578372474587612 0.9996922206928329 0.02438436696962707 0.12424889559940272 0.028379847584077952 -0.024504694545207335 0.9992967953961823 0.7938039987389209
0.999474454602234 -0.0012979660814650595 -0.032390382333903664 33.74672456813714 0.00208569640173368 0.9997026325975241 0.024297967176143836 0.13696358487885268 0.032349210591444785 -0.02435275174763128 0.9991798902846061 0.8377803694780314
0.9995769397939389 -0.005867149961024778 -0.02848727732930877 34.840096274611795 0.0066731376178851935 0.9995777921723302 0.028280763621511256 0.14802728198249396 0.028309320582974633 -0.028458896182167674 0.9991940025285139 0.8880487844649025
0.9996057081127637 -0.011810910597940353 -0.025474255344284227 35.98246705298683 0.012682329133910732 0.9993304034892471 0.03432197766083989 0.15898315277745792 0.025051822549923365 -0.034631514805726016 0.9990861051290408 0.9381055444387646
0.9993178011471575 -0.014231576578082019 -0.03407934161086964 36.943177560126855 0.015402061653318663 0.9992917965222173 0.03433331998248813 0.17176410069598397 0.03356658720552913 -0.03483478707081806 0.9988292160954412 0.9745965897643213
0.9989842678479611 -0.025716621880195193 -0.03700128291643547 37.836138924670514 0.02702077242880299 0.9990153803075327 0.035188673279050335 0.18321462110772632 0.036059914753222726 -0.03615273129719384 0.9986954709321918 1.0242790179318553
0.9989994259598163 -0.02621318596803909 -0.03623565646542799 38.91452365722942 0.027589025946473177 0.9988966489237942 0.03800559665275769 0.21823156153340068 0.03519942592819902 -0.03896727257551285 0.9986203148219447 1.0611644225421784
0.9990275950779556 -0.024348512674255293 -0.03675624014267898 39.89843855744083 0.02567134814805883 0.9990236064644251 0.03595706567376771 0.24972459904696193 0.03584484836384929 -0.03686568008008593 0.9986771498190666 1.104703698925117
0.9990156779110908 -0.02047254073804722 -0.039351713427639365 40.8797044706317 0.021739607464872725 0.9992500228068005 0.03204491143184957 0.27719682936785905 0.03866615745750876 -0.03286885695869487 0.9987114436124324 1.1599077491195502
0.998869525458808 -0.020449899533049102 -0.042912465612009836 41.85956368884501 0.022013125448044492 0.9990993222235022 0.036277563332457206 0.29189905813466716 0.04213194024542123 -0.037181186937048825 0.9984199717763248 1.2128521560077663
0.9984905269167703 -0.020021373709302435 -0.05114508029498944 42.960634029612905 0.022195130849599173 0.9988587141206493 0.042293502486851896 0.31399019462807176 0.05023993209146339 -0.04336482993679713 0.9977952805263847 1.280905065125018
0.9983968707205875 -0.02292432902819812 -0.05175104501421744 43.99676116687006 0.025307595135479526 0.998626518848741 0.045876970707503115 0.3390465886104403 0.05062826411014509 -0.0471131148653115 0.997605690828601 1.353262034334116
0.9980650859517797 -0.022932323867903216 -0.05779446091281039 44.985336243228815 0.025743604939562095 0.99849738018135 0.04837709723091486 0.35491080080509513 0.05659821514066905 -0.04977132569251976 0.997155674042137 1.4270251476737663
0.998105467527717 -0.019142559228874 -0.058472601306633815 46.0784440841256 0.022501909191175718 0.9981008887946188 0.057344353086746146 0.3914144585015108 0.05726383420786488 -0.05855145319949104 0.9966406382005355 1.503629643288397
0.9981833676299342 -0.017863306502945764 -0.05754019337700631 47.07414027377057 0.021117403133991245 0.9981820577464511 0.05645112787828425 0.42340593783080727 0.05642718142692803 -0.05756367213863622 0.9967458943676955 1.5689601748595365
0.9985557088177853 -0.013154311918565925 -0.05209095364338638 48.20720863516458 0.016155294042143553 0.9982082024121034 0.057614981319119914 0.4465990297026824 0.05123972867091671 -0.05837330888040853 0.9969789506849239 1.6356409353853485
0.998897576299838 -0.017136605611490077 -0.04370326986100137 49.23915093438758 0.0197826534711972 0.9979508962216139 0.06085022853621583 0.46646176636097786 0.042570948392523046 -0.06164770794536697 0.9971896788228268 1.7092593872887312
0.9988115015851928 -0.017834830841931302 -0.045359785009300005 50.2284648270998 0.020558462049953454 0.9979682972135281 0.06030524318552478 0.48087487995421946 0.04419209093396531 -0.061166093447416615 0.9971488099596744 1.7545149506751372
0.9988582274247836 -0.020506346244492324 -0.04314786501831284 51.271098261943585 0.02327666937119382 0.9976323505645589 0.06471464077633841 0.5031500460773585 0.041718642658144886 -0.06564508522109021 0.9969705405546377 1.8169148611621764
0.9983937986247882 -0.0226698046062299 -0.05192215146543672 52.33261404563583 0.025912356472693673 0.9976989547962942 0.06265333463757188 0.5337863467866775 0.05038233436113729 -0.06389812142711249 0.9966838172435316 1.8855205290664467
0.9983650719292763 -0.020051403596073002 -0.05352692174594569 53.31962168756727 0.02358232628390747 0.9975296680796579 0.06617046281174385 0.5651385328758503 0.05206787869037957 -0.06732456335552471 0.9963715774099544 1.9563533402360984
0.9983948744520753 -0.014424176227215922 -0.0547688304979157 54.34557176729737 0.0184924768958345 0.997048334773278 0.07451671882795095 0.5971510020429744 0.05353232573253287 -0.07540991614055123 0.995714625654394 2.0214984437778454
0.9985245106022713 -0.006975612777358746 -0.053853036488145864 55.47987327925162 0.010784646900228238 0.9974346197063769 0.07076698215429425 0.616815268486922 0.05322123668882529 -0.07124334712612501 0.9960380848884781 2.0939472737826934
0.9986441515490617 -0.002174731193684252 -0.052010922960551376 56.42336438448681 0.006094456869030345 0.9971405200733865 0.07532420450320987 0.6217946426265492 0.051698385745756754 -0.07553904928528742 0.9958017423348317 2.151435908065668
0.9989108580303816 -0.002782196400765785 -0.04657643264906581 57.48366393464562 0.0062848580575379075 0.9971467575492623 0.07522592258645278 0.6352939752682282 0.04623424270603943 -0.07543671181253042 0.9960781487438829 2.2106484385593164
0.9992202687532916 -0.000966857274786936 -0.039470580002432226 58.426513416440095 0.004044781308744249 0.9969471498464909 0.07797509293304337 0.6487699522246072 0.03927468907203861 -0.07807393768921154 0.9961736495936461 2.2752937933255986
0.9994009057181259 -0.0008280563533230833 -0.03459986934345303 59.44691911222502 0.003536218473563134 0.9969249334718069 0.07828324943392885 0.6561639182397853 0.03442864741541894 -0.07835869757514674 0.9963305494885721 2.3372167306379867
0.9993086842713544 -0.0042008934027999555 -0.036939315377949644 60.48695351251324 0.00718056919168386 0.9966959629333096 0.08090545012123761 0.6800121899188221 0.03647738913220433 -0.08111475854577482 0.9960370360186849 2.3758842272235574
0.9991324852578651 -0.004502320146314572 -0.041400640114144766 61.53709105706671 0.008130039580971363 0.9960980527939993 0.08787870411657729 0.6975737530572674 0.04084343647220603 -0.08813905078882046 0.9952704670168383 2.425257551688185
0.9984530079663556 -0.004561636091968595 -0.0554147033306144 62.64194926138757 0.009398416678173309 0.9961343436470883 0.08733919012403518 0.7075804418690036 0.05480207621629407 -0.08772488149046369 0.9946361438750335 2.4883524834372106
0.9982246422959826 -0.005449286203126217 -0.0593116833267525 63.726398582905524 0.01106135987920989 0.9954437303654218 0.09470755489711777 0.7145703612057823 0.058525351196675915 -0.09519547645910079 0.993736678210963 2.5561137493469634
0.9983149063482503 -0.009888608458794175 -0.05718015540160737 64.80161510772686 0.0154536557907956 0.9950942237974798 0.09771778368539358 0.7268009675743128 0.05593334607756527 -0.098436755787336 0.9935701520272034 2.633030956057349
0.9986005216175435 -0.010225171995124746 -0.05188883375986625 65.83408591083104 0.015299097851904015 0.9950342805146654 0.09835046093625913 0.7412722814952392 0.05062551493264454 -0.09900666718224635 0.9937981274806251 2.7044943258471204
0.998715924335923 -0.005403933005395502 -0.05037168819917786 67.0395658500171 0.010653733978977542 0.9944632794052939 0.10454366947629232 0.7539549128708217 0.049527844256993504 -0.10494606694707145 0.9932438254367979 2.7842011115358645
0.9987963124836333 -0.003322865535468884 -0.04893763091782137 68.09537379625044 0.008609309816836667 0.9940904317675497 0.10821362304940574 0.7797375527476639 0.048288848410806516 -0.10850467956022468 0.9929224051885521 2.851899510128198
0.9988475981528858 -0.002025934873401778 -0.047951832480305566 69.22282561157736 0.007366628452544435 0.9937412598037719 0.11146360980001098 0.784594020087618 0.04742589353637759 -0.1116883947433023 0.9926109349562238 2.9200994906391275
0.9989297489643517 -0.004895750655453209 -0.04599342611348297 70.33442491368685 0.010052134340953181 0.9935942122771542 0.11255927720684639 0.7925815921433337 0.04514773710544551 -0.11290113502835543 0.9925799698947662 2.9833981194599906
0.9990265867822752 -0.004103166545143612 -0.043920950724905504 71.37911869226605 0.008942333775426881 0.9938295706821845 0.11055728861141743 0.8131067379550778 0.043196302023446036 -0.11084241901712752 0.9928987958148902 3.0550378994693284
0.9992075801910488 -0.0007126062161760125 -0.039795864951636645 72.42813521828876 0.005138399985460555 0.9937824135678595 0.11122142909360486 0.815888245393553 0.039469171250691416 -0.11133777460267573 0.9929985224359781 3.114034488311249
0.9992501539650142 -0.00043629803799211575 -0.03871622955605469 73.47809976976284 0.0046936499536182775 0.9939271339043554 0.1099405161875304 0.8218692969818703 0.03843314191976018 -0.11003979073554188 0.9931838294846438 3.1780791768220182
0.9992329991498544 -0.004030352714739528 -0.03895095188954441 74.50673215830354 0.00824443667962758 0.9940466721976147 0.10864316691572404 0.8363315396468822 0.03828119150698871 -0.10888095881980323 0.9933174056040768 3.222241688771933
0.9991498636655093 -0.002762776814542643 -0.041133003629528736 75.62150672237354 0.007266077018807684 0.9939339597145405 0.10973870243321289 0.8542462958617033 0.040580303174996585 -0.10994427773220772 0.9931089949652541 3.288507916738347
0.9992949566907444 0.0017910294376609417 -0.037501849715925996 76.65660602540302 0.002387552046661224 0.993808339101567 0.11108276053557387 0.8674268586512343 0.037468601203086906 -0.11109397251203577 0.9931033250815886 3.332881027299807
0.999367030599304 0.004725026965820322 -0.03525931447747549 77.58827351414283 -0.0007395753363832743 0.9936854536702706 0.1121996753704064 0.8700933140149056 0.035566812236356125 -0.11210257194444462 0.9930599157772471 3.3700625148529313
0.9994355423192669 0.0032383284210791806 -0.03343825599742621 78.68917685282524 0.0008538121290520137 0.9925733078114339 0.12164536401322854 0.8722325205272399 0.03358384596547026 -0.12160524222304403 0.9920102174104715 3.434623913286478
0.9993782984029147 0.00243117839445835 -0.035172617744891214 79.7122605529644 0.0019083192045347042 0.9924271777296788 0.12281999097098356 0.8588902028489156 0.035204856936332296 -0.12281074597693435 0.9918054848675771 3.4750710097658097
0.9992404870417799 0.00772085772075952 -0.03819482162127982 80.74631826963295 -0.002919891204811796 0.9922543183633744 0.12418911741928874 0.8592196447447725 0.03885782084035893 -0.1239832611895186 0.9915231725971303 3.523194379284198
0.9988318277783335 0.006160130748909601 -0.04792744091091408 81.80465227937721 -0.00011801482938821137 0.9921489975359716 0.1250617756217334 0.8502959559508821 0.04832155641552505 -0.12491001746266647 0.9909906638388608 3.5805789949478624
0.9987960026185823 0.005031343801262268 -0.04879792740284842 82.83669595862919 0.0011269676768241857 0.9921108472937717 0.12535905067718242 0.8551560089150844 0.04904367461348429 -0.12526310405596228 0.9909106184895792 3.6396472514170997
0.9986585397438429 0.009954613769150284 -0.05081371515173554 83.87039084875711 -0.003204358270691667 0.9913464846899946 0.13123252013757095 0.8500367982454687 0.0516803638080527 -0.13089364290012984 0.9900484712061975 3.7014360265816793
0.9987963081419126 0.011666686950971523 -0.047642735477646275 84.82420129701319 -0.005339695874993325 0.9913908200893645 0.13082746061624267 0.8483150184986443 0.04875889066538134 -0.13041557829889877 0.9902597278546541 3.7706118296062985
0.9990301744481569 0.013381394084244642 -0.04194825169857163 85.74988649926222 -0.007766767938186268 0.9913180584995399 0.13125653952962596 0.8438509225807862 0.043340452279689475 -0.13080343257393937 0.9904605233505248 3.8333086938651224
0.9991218549136521 0.016731197644028382 -0.03841344875715449 86.60292177276251 -0.011396218317979621 0.9907636540189881 0.13512069805839041 0.844422683755831 0.04031937750569154 -0.13456426553269635 0.9900842324428403 3.88631869763623
0.9989604367294974 0.018752853338806705 -0.041549769277142615 87.48653750725437 -0.013072912882761306 0.9910323139386644 0.13298175302999682 0.8372995472075858 0.043670948644395344 -0.13230032480620518 0.9902471678290223 3.9293380440223444
0.9989602335126893 0.013289268931945972 -0.04361025312522881 88.3999511453662 -0.007460715853608959 0.9913296449916742 0.1311867662549381 0.8316891346464809 0.044975510233971935 -0.1307249902762178 0.9903979813636564 3.981696063993054
0.999176032581495 0.011521020681019156 -0.03891694981996236 89.24911866262269 -0.006373498950581639 0.9915079276010146 0.129890349819619 0.8278495037539717 0.04008293123583428 -0.12953527866757147 0.9907643268188387 4.028585192906968
0.9991688773275511 0.006751800116191289 -0.04019918856532581 90.15640863139319 -0.001388251548979747 0.9912509843334 0.131983536005433 0.8280003418289928 0.040738609217523085 -0.13181802617571534 0.9904364466167878 4.066455049837081
0.9990887524486006 0.0063248936839999746 -0.04220980261388694 91.05385305958687 -0.0004778893029214607 0.9905547314059215 0.13711743387312944 0.8329042076506351 0.04267837029486246 -0.13697230528842957 0.9896550537362382 4.118777245929035
0.9993023956382228 0.000514497746184517 -0.03734252736353707 91.85761654471054 0.004585966114590279 0.9906472144319176 0.13637140614466514 0.8419079416514982 0.03706343124936077 -0.13644751540795008 0.9899537154310546 4.170480487147494
0.9992420453292027 5.9230951195520665e-05 -0.038927346738822095 92.71902419890797 0.0053952354759865834 0.9901369808454622 0.13999909127271712 0.8551823169602737 0.03855169551806121 -0.14010299127510428 0.9893861226544363 4.214340826691707
0.9994994066732303 -0.002822997621744552 -0.03151148569024331 93.56964358501776 0.0073606943887627 0.9894290099703894 0.14483145158398897 0.858401301551159 0.030769517384012905 -0.14499088681229935 0.9889544279864803 4.254015739657986
0.9994791211668697 -0.0069087279418247865 -0.03152400380418267 94.39481847673069 0.011460544490788685 0.9891317975768618 0.14658457593872457 0.8705725728415621 0.030168679771706862 -0.14686949574123653 0.9886956979143156 4.286743462675206
0.9995395488076393 -0.0010695573684583442 -0.030324138942020525 95.06100343033039 0.0054614364158398435 0.9893987257356526 0.14512211818237022 0.884142216090923 0.029847446189876035 -0.14522090034342897 0.9889489375858163 4.321201512277428
0.9993482812688429 -0.0002729725717890612 -0.03609633218351994 95.75354624967079 0.005702356060084076 0.9886092999056082 0.1503969089984976 0.8850656151737227 0.0356441133004226 -0.15050471679241914 0.9879665017109582 4.354706697028722
0.9992570693144819 -0.00302280815733437 -0.03842107549242806 96.47903141914185 0.009048664510597909 0.9874537391908222 0.15764938816701293 0.8971014752149259 0.03746248853725116 -0.157879914714521 0.9867474223807532 4.391257483127313
0.9991797374481773 -0.0030706259504910383 -0.040378589814178606 97.15380414583163 0.009493842977695788 0.9870935306353776 0.15986345324712314 0.9059116234376036 0.03936656153403835 -0.1601156607928188 0.9863129473420666 4.425817267758016
0.9991175723207676 -0.0064510827980430304 -0.04150261674528964 97.75094976401763 0.013172434286914161 0.9864085527816809 0.16378262708511726 0.9152970786598069 0.03988195842423762 -0.16418478056647387 0.9856230356050505 4.459411793165835
0.9992662885918309 -0.004751697169459049 -0.03800411614595745 98.38139721185308 0.010990732837115956 0.9861165110648675 0.16569105394604722 0.9309505456974573 0.036689170491222424 -0.1659871668211957 0.9854451513463683 4.492755085708728
0.9992239209896522 -0.005195310128186818 -0.039045761112506704 98.9895652303075 0.011582042588478138 0.9861959854080076 0.1651769645422859 0.9390287563531785 0.037648625025313784 -0.16550099306891833 0.9854907322850038 4.525918720136992
0.9991867761713179 -0.0005050118434778661 -0.04031796465007285 99.5570692290433 0.00732838294381561 0.9855421301778102 0.16927226414510188 0.9411487282224461 0.03964956586907758 -0.16943006238766098 0.9847443053800489 4.5489367881925995
0.9992088687751656 0.0038455638485217847 -0.03958352164548839 100.06670839755921 0.0029491182256895913 0.9854089999384406 0.1701778496244734 0.9445271245907637 0.039660385862580784 -0.17015994205184246 0.9846180117217401 4.581605606600813
0.9992499561435025 0.01237903321296221 -0.036691847460143256 100.56590316212025 -0.00597692115231913 0.9854767310195495 0.16970558032474364 0.9412609419844701 0.03825975058058572 -0.1693589784188834 0.9848115093799176 4.605764449178619
0.9991946952426892 0.020640572677411755 -0.034408352830898076 101.01321325919854 -0.014546701271911053 0.9855472832141405 0.1687751195885483 0.9346599536069419 0.03739467149522482 -0.16813866522696927 0.9850538101505852 4.636101021051853
0.9988613435735769 0.032699639819701525 -0.034738406068333914 101.45814139523397 -0.02646510666472727 0.9856330790406467 0.16681464741105748 0.916972094960351 0.039694098593745335 -0.16570533644090263 0.9853761216431852 4.661817004283029
0.9982407030261794 0.04971620128583198 -0.03230797328251674 101.9125260041836 -0.043697999903349626 0.9851818716708485 0.16585312627854637 0.8979968677218254 0.04007481453459025 -0.1641495368786137 0.9856210833151262 4.6858935718267585
0.9973242366296465 0.06424793650837138 -0.0348794591647778 102.3854270885253 -0.05741777594545321 0.9837265411729752 0.17025095053517092 0.8717060324058694 0.0452501191955336 -0.1677926874042479 0.9847832359759067 4.718637973105809
0.9960536592441567 0.07880866604959084 -0.04082044889424612 102.82593057475057 -0.07071545093632302 0.9826311496188849 0.17156760696104048 0.8365971087351993 0.05363245556290948 -0.16800389535624372 0.9843262832761039 4.749974319070376
0.9941056584607846 0.09700793275816218 -0.04840875731059638 103.24616290783221 -0.08724487562653163 0.9808766962893666 0.17398084180209494 0.7904498164346192 0.06436053978003344 -0.16873191233187038 0.9835584597637198 4.782246256917501
0.9913029027571832 0.12075037640056638 -0.05232502814545451 103.707520775897 -0.10999034684019407 0.9785209559717145 0.1743529675313055 0.7297033336076775 0.07225431855846304 -0.16708134396916827 0.9832919805631676 4.823670227689205
0.9883034041182485 0.1418396628410196 -0.05601694778856159 104.07471642228384 -0.130095202001137 0.9758256660535128 0.17561208058757816 0.6724418683828911 0.07957152877003612 -0.16627047010741333 0.9828644279208538 4.862835458109007
0.9848780974947644 0.16420372151182072 -0.05524742440042032 104.39317751330489 -0.15239066850223265 0.9727734872646292 0.17461077168734981 0.6085495754634968 0.08241496311702695 -0.16355112204746 0.9830863570532165 4.900973304394087
0.9797214280513978 0.19248697816457108 -0.05562997070033403 104.71610706766764 -0.1803473411826335 0.9681400941946535 0.17372302524973174 0.5400496749249454 0.0872970198186561 -0.1601674426488347 0.9832220510845154 4.940429557766919
0.9730634292208219 0.22399567351155905 -0.05452988123254767 105.04856695264884 -0.21171491937076775 0.9618690535955202 0.17316123010617632 0.45601315983281343 0.09123796593197674 -0.15695206073781953 0.9833827664218422 4.984538225683667
0.9651125588456706 0.25573225736877 -0.05620292061408728 105.38222450714328 -0.2428324907519699 0.954487177039731 0.17316669790325298 0.35791422981032717 0.09792927148022483 -0.15347744970701507 0.983287603558344 5.025193194356528
0.9549120548842617 0.29112426126424734 -0.05822060568373731 105.73109930777818 -0.27785216320870354 0.9454212246150826 0.1702262565186648 0.2372634013261002 0.104599982955936 -0.14637437359849775 0.983683570774664 5.0694540125254095
0.9415286103353864 0.33143942507331897 -0.06059530025589489 106.01885174525435 -0.31738902753927023 0.9328143999800084 0.17065050644053154 0.11493268069191036 0.11308446730546981 -0.1414400414921505 0.9834666232311419 5.1119653681913375
0.9254633756956296 0.37403695948021926 -0.06011572319252828 106.3164161842716 -0.3596701703854708 0.9173426481352772 0.170645625223268 -0.02190180889627867 0.11897448003904744 -0.13630443501783904 0.9834969014626502 5.162191715152617
0.9078616398035055 0.41522416594171546 -0.05810457793852865 106.61780844324977 -0.40062618373405195 0.899987456241462 0.1718177362076116 -0.17882841652490272 0.12363625971626904 -0.13270850770940365 0.9834137015303592 5.211792990317064
0.888991232907163 0.45388277905582536 -0.06070434644142713 106.8753969247389 -0.4383545461248866 0.8818285514124488 0.17384991448448542 -0.3291904304716856 0.1324382998612961 -0.1279410151743522 0.9828993714815029 5.257342096845197
0.8650560849614909 0.4980285898884937 -0.060377980347923375 107.12339918821738 -0.4818094557884501 0.8582947785651104 0.17660638822393052 -0.4936627380469928 0.13977712693797228 -0.1236837407871528 0.9824279455220063 5.302730224620984
0.8407349593771657 0.5380993321098578 -0.06011525472056303 107.40253700227544 -0.5211034408422064 0.8342920243462922 0.1800225458529424 -0.6851294317241782 0.14702367994748544 -0.12002497379671465 0.981823825486286 5.358674433966351
0.8137926918021336 0.5775410576372765 -0.06471312462531237 107.6168260462244 -0.5587840609373883 0.8081981150425588 0.18594696836671457 -0.86392888369839 0.15969302402543936 -0.11516161376403108 0.9804263979950776 5.408120624444767
0.782709374912831 0.6191273492365881 -0.06361891886034246 107.82753865226243 -0.5994983627272806 0.7774412323286426 0.19022864748356755 -1.0574772590564274 0.1672357183662219 -0.11075430077617386 0.9796763141236201 5.459065681989499
0.7477718558222016 0.6610261579037094 -0.062303107413661955 108.07791751418247 -0.6403607559984323 0.7428093289778619 0.19537783375135118 -1.3033804576956636 0.17542917709150352 -0.1062015733776921 0.9787470616711083 5.523910556180839
0.7129687289698143 0.6981504638773885 -0.06528038208429841 108.30384659090014 -0.6760161172842739 0.7091055913738548 0.20042845210954024 -1.5506614806740437 0.18621988897417818 -0.09876862180546989 0.9775310191445692 5.5910536165375575
0.6774494090820918 0.7325985046957336 -0.0660434405374006 108.51637241867117 -0.7101673990521926 0.6748045525730246 0.20075152829047013 -1.8031302556044857 0.19163667164634565 -0.089097099920137 0.9774134611099129 5.663690461999203
0.6377598974362343 0.767714839512618 -0.06225950048270857 108.7199024784401 -0.7451724877628764 0.635440891357547 0.20231888698983977 -2.082791751344098 0.19488543197796532 -0.08263680027403499 0.977338635650898 5.7382797973305015
0.5944581691722166 0.8017814633538344 -0.0613675574934952 108.87823670273545 -0.7794852442637706 0.5933089969876761 0.20096587528563944 -2.336674084993871 0.19754062500800984 -0.07163069596331127 0.9776741409897185 5.809265420185118
0.5530332586794149 0.8313054560534927 -0.05554692175304612 109.05371422005088 -0.8090770710299275 0.5517668080201082 0.2023555723515668 -2.625030035607058 0.1988682264201093 -0.06696761636471296 0.9777355204612729 5.881260434198985
0.5064078742212161 0.8605922464008825 -0.054148475025148565 109.21543773948453 -0.8388128917858676 0.5062002601941855 0.20038543887709245 -2.930200260656701 0.19986011440388002 -0.05605632143181336 0.9782196095922063 5.956271162759609
0.45904596154796073 0.8869254478439441 -0.05138153500475562 109.36743309359605 -0.8646252623782161 0.4593008957254906 0.20363186834078437 -3.254561252190937 0.2042058580604038 -0.0490506103061955 0.9776983104491546 6.032994613897541
0.4101348743206057 0.9107545103432473 -0.04812082440659733 109.49770567672955 -0.8886833435957481 0.41094218497444984 0.20339255243175008 -3.591666657736403 0.20501554814018028 -0.04065420103098251 0.9779140259000488 6.1131040273340265
0.35786890927073456 0.9325632520562284 -0.04749349089932025 109.62058775612063 -0.909793723955957 0.35968019721785766 0.20713674357889864 -3.948564144816545 0.2102505699715319 -0.030918518405658606 0.9771584948916795 6.200433105930555
0.3133962082557066 0.9483975511020082 -0.048217307066829494 109.71537739082024 -0.9253376896765056 0.31639723319924207 0.2089091808628977 -4.290260300279348 0.21338476446629615 -0.020854052130636177 0.9767456331594851 6.278621456014775
0.2732879486617966 0.9606775890220353 -0.04911490662878035 109.80407181466666 -0.9366928674362406 0.2773896516061531 0.21368562945758848 -4.6565781870307115 0.2189069481971582 -0.012392123652744 0.9756670356197903 6.367296708891741
0.23421054798830562 0.9709980911253113 -0.0480430351678178 109.8843545884544 -0.9467925601561034 0.23903520888700422 0.21551360028126482 -5.0291712979697305 0.2207472573555932 -0.004988769677569735 0.9753182770971817 6.452243889985931
0.20191004399321516 0.9782026877177248 -0.0484958025255207 109.95880249327779 -0.9539479861461918 0.20763672769646876 0.21649555191717626 -5.4229615733534 0.22184602636007955 0.0025498467428932974 0.9750783660622144 6.554148778523807
0.17188458081515207 0.9840696568143635 -0.0454159487556681 110.0212292308208 -0.9605474960441432 0.17765157337929544 0.21398252564165818 -5.822626637547894 0.21864191136650662 0.006843878852304739 0.9757811522103627 6.654231214534437
0.14447844894991033 0.9883761321704891 -0.04731391054276853 110.07270685101999 -0.9654138859113691 0.15128669341413395 0.21234043478839187 -6.256533996540527 0.21703016885299026 0.014998888770159178 0.976049650497366 6.764086111059206
0.11947291625391791 0.9916452014328578 -0.04864179008926736 110.13269101465261 -0.9695808009738957 0.12707622276402739 0.20920037990319645 -6.757279901896964 0.21363375415909863 0.02216836507802184 0.9766622567532672 6.87574368982942
0.0975527077672606 0.9940704214377474 -0.048036167790236436 110.16895263308929 -0.9728899479174821 0.10542109462598129 0.20584371986964847 -7.185729228394286 0.2096871653244495 0.026653290992516954 0.9774051748738558 6.972679826334604
0.0805840141263136 0.9956045688408607 -0.04772594846214099 110.21087452149196 -0.974710547097691 0.0887248200626071 0.2051032682386442 -7.737588246593501 0.20843621377975538 0.029990938919624677 0.9775760172286383 7.092324386242493
0.06930264827683945 0.9965174972827441 -0.046368389418546756 110.2451734601026 -0.9756173026429124 0.07740539012201715 0.20537618977043487 -8.302089040949276 0.20825011656195386 0.03100468734670008 0.9775840523490517 7.2172212953220125
0.05657877135119565 0.9973764077825044 -0.04515695757437759 110.2754732161938 -0.9753381216334513 0.06488018617993206 0.21096493758580706 -8.842271562743912 0.21334122978299933 0.032107163314518614 0.9764500145072966 7.339268869621009
0.047575768676357356 0.9978631411057145 -0.044785096221938825 110.29582768957249 -0.9749645086255783 0.05614047832576171 0.21515703236156306 -9.396907753975146 0.2172115149844138 0.03342761614649781 0.9755520146715221 7.465140692551001
0.03918863933431494 0.9981595778388443 -0.04627866356997447 110.32836925284278 -0.9743515219787857 0.04844265963501185 0.2197555808299427 -9.98669770848225 0.22159298518976997 0.03647976191074254 0.9744566470491899 7.605566716982209
0.0351270675855966 0.9984253678850182 -0.04373649360226182 110.36079335109116 -0.9743580319152285 0.04394686685846752 0.22066987446500735 -10.63266709351872 0.22224446826886246 0.03486351615394972 0.9743674423224544 7.763072708928377
0.03213097862359106 0.9984361248095209 -0.04574835378628199 110.3705258872345 -0.9741109545047201 0.04153043358266866 0.22222323542135425 -11.19890197738666 0.22377564070666245 0.03742372030941884 0.9739219213454705 7.8940055596226975
0.028933488472754176 0.9984158131234698 -0.04825685791590081 110.38802398064139 -0.9747023760663948 0.03888440478182836 0.22009856000456499 -11.825330734016266 0.22162630780190276 0.04066785248791067 0.9742832681293698 8.04192470612413
0.030381485977187973 0.9984816976990947 -0.0459485762115581 110.41409699953329 -0.9747092275985019 0.039777989817887306 0.21990845395567624 -12.434655939621658 0.22140229430519498 0.038105353338382296 0.9744377800640125 8.189677448516573
0.026501003927565953 0.9983989781870638 -0.04997183338617537 110.43462151058245 -0.9747726056857474 0.03689184361617302 0.2201305386356331 -13.120695174241336 0.22162164375526666 0.042877491401253076 0.9741895856777967 8.354622141497567
0.026728983931103102 0.9983433744109625 -0.05095169451412882 110.45276425199152 -0.9738739121298035 0.03750450431078817 0.22397122670153313 -13.814873766000954 0.2255110938995723 0.04363400013082196 0.97326296634236 8.522431104772926
0.0247047237611541 0.9983012106237011 -0.05276719129587528 110.46976088458403 -0.9728109589201719 0.0361654691341034 0.22875968177963843 -14.529492071143187 0.23027940282017054 0.045681054477511904 0.9720517573624031 8.695733629375633
0.024661157606927865 0.998126417696014 -0.05599543364352688 110.48841441653337 -0.9728208456870778 0.03686087494862501 0.22860659014012702 -15.210672299419718 0.230242302887289 0.04883581903169323 0.9719071590606737 8.859877578922752
0.023359529261604367 0.998316746956114 -0.05308495197093739 110.50170622929954 -0.9729990405832628 0.03489917617559536 0.22815566941697996 -15.91488535512004 0.22962423215207634 0.046321995520973346 0.9721764067453256 9.038858925644805
