1.0000000000000002 0.0 0.0 0.0 2.168404344971009e-19 1.0000000000000002 9.791700870259712e-19 8.673617379884035e-19 -8.673617379884035e-19 1.6601845766184287e-19 1.0000000000000002 0.0
0.9999982171125965 -0.0016114251520283247 -0.0009879608937320645 0.5653133714342577 0.0016094785880656469 0.9999968163216588 -0.0019677108562877557 -0.005284684743134255 0.0009911285002959852 0.0019661179036074053 0.999997566565746 0.005766731512927392
0.9999947493176993 0.0016015935317705919 -0.0028183721029268784 1.2193324703756019 -0.0016075481854774109 0.9999965257759912 -0.0021116783778461112 -0.006832033952703411 0.002814980081280433 0.0021161986073891985 0.9999937893223761 0.012004919295009363
0.9999844782043402 0.00226441977209601 -0.005091437872452273 1.8136303011034305 -0.002283873883390566 0.9999901496486868 -0.003818309373870277 -0.008918906317502525 0.005082741147639984 0.0038298788536104147 0.9999797392263113 0.02816211995301451
0.999953993337527 0.000246196024393489 -0.009589451599049972 2.419266120612447 -0.00026733658617246166 0.9999975844462095 -0.002203314251096649 -0.0037149289497714994 0.009588885400158665 0.0022057771381496236 0.9999515832862751 0.04348006090206088
0.9999045080160055 0.0009789189477627355 -0.013784903085749253 3.0739673623446864 -0.0010222085826942554 0.9999946151408768 -0.003133646383408251 -0.0022536271735374702 0.013781760428372973 0.0031474387775679187 0.9999000639070713 0.06476880795010764
0.9998450271926137 -0.0013705291604639042 -0.017551359894373095 3.7759341458254463 0.0013511881622026334 0.9999985143891295 -0.0011137642827941147 -0.002766641457668417 0.01755285919848092 0.0010898772002754823 0.9998453332362839 0.09475133244719425
0.9998404814336911 0.002107130921243958 -0.017736365801514303 4.324542412729759 -0.002055890968743256 0.999993709559792 0.002906735963986942 -0.0011679685957247145 0.017742378023270052 -0.0028698073017448603 0.9998384636134274 0.11872451944029844
0.999789391989976 0.0011766943099055008 -0.02048887602907237 4.903287675438139 -0.0010605791788721867 0.9999833696936072 0.005677188460603312 -0.004565892167041376 0.02049521436064605 -0.005654261606049269 0.9997739527546866 0.1443721370138205
0.9997382633772112 0.0023785786499894795 -0.02275421036298556 5.57252815860293 -0.0022309005136515537 0.9999763468981177 0.006513346911318347 -0.004837788710943853 0.022769163277418528 -0.006460878583707112 0.9997198624336229 0.16239091217866375
0.999637041097715 0.00450787574534838 -0.026560724910838263 6.130530722821222 -0.0043341456871632085 0.999968908737055 0.006594823817130372 -0.0029199787930600293 0.026589626132380622 -0.006477310948225905 0.99962543851072 0.18771165643157264
0.9994573747492843 0.0003923300014736558 -0.03293644064798368 6.731411972380845 -0.00014668993958607946 0.9999722098124695 0.007460096890882121 -0.005856885424610326 0.03293845015925108 -0.007451216182990095 0.999429596805713 0.2068867995782907
0.9994028078870898 -0.0006776671316761657 -0.03454815973071298 7.336887930311283 0.001005888730838518 0.9999545681793848 0.009483919328772634 -0.005739361327430746 0.03454016110992271 -0.00951300586045389 0.9993580244750769 0.23927374377465405
0.9996206154184508 -0.0036498074928778715 -0.027300386843819104 7.958886896570186 0.0039046233750333953 0.999949305383555 0.009286309279711403 -0.009725835877896353 0.02726510796726135 -0.009389382582178432 0.9995841307638832 0.2659564216748094
0.9997026911924036 -0.005890928008408316 -0.02366079406919574 8.633178710207185 0.006050736245730848 0.9999593747206159 0.006688232952953741 -0.008012867108963234 0.023620431513171673 -0.00682940851774182 0.9996976620394579 0.2953166786396708
0.999799006553332 -0.007770135705776672 -0.018481841688638527 9.29579996726166 0.007934180674396144 0.9999296793574387 0.008819301443388954 -0.00464754628696008 0.01841201374997547 -0.008964165774833329 0.9997902892978912 0.31659342446631245
0.9998342193726223 -0.008726482464524999 -0.01598090302377166 10.009409499910547 0.008860610121192247 0.9999259991808344 0.008341505336786167 0.005202841566090246 0.015906927461267085 -0.008481721739109518 0.9998374923695407 0.34434642164771334
0.9996895574658395 -0.00672491193949199 -0.02399106582208494 10.76100609642015 0.006954268695890661 0.9999308388487933 0.009489500874515062 0.007004975685898824 0.023925589066059592 -0.00965339388828831 0.9996671242303653 0.36667602057985005
0.9994970993001013 -0.011946257831068105 -0.029374179148304078 11.474986725518127 0.012324174497823037 0.9998432138922422 0.012718385014333776 0.015780096661446665 0.02921763481433415 -0.013073999872935449 0.99948755942028 0.3911468217509971
0.9994286215736217 -0.012064134126928859 -0.031573628764168346 12.256264307673344 0.012481474223955942 0.9998369313946102 0.013054439145348772 0.02289661331912556 0.031410987695165433 -0.013441063965625614 0.999416163939835 0.4268895396739543
0.9995489391909349 -0.010412003790447147 -0.028169404066538596 12.990896947677747 0.010741164706464627 0.9998755473904538 0.01155906882851067 0.03217575756891908 0.02804554354765687 -0.011856425701669403 0.9995363193748521 0.4644383383235601
0.9996403459891487 -0.014950774339638486 -0.02226342299511904 13.742288242222287 0.015129366833694924 0.9998545798254994 0.00787505060165842 0.03533413821812592 0.022142446005336193 -0.008209048529305072 0.9997211134610859 0.4919948604535252
0.9997172867542515 -0.014120503136270366 -0.019130210192667703 14.512135640541729 0.01436615849630465 0.9998153617712989 0.012765219033722007 0.056794708111122534 0.018946425567208075 -0.013036436204958361 0.9997354977102841 0.5174033063465493
0.999612230980832 -0.019328038413205597 -0.020045488039475066 15.307248893261622 0.019670752319140037 0.9996612908065763 0.0170428908029689 0.07623388814975189 0.019709291616364106 -0.017430590098856724 0.999653789792004 0.538111037262804
0.999653932852562 -0.01830635877269762 -0.018891763999424993 16.097482870332616 0.018631928416504587 0.9996784373642759 0.017203722655130902 0.09838254600507015 0.018570750478927603 -0.01754975716979675 0.999673503871469 0.5609239302227519
0.9996097554064234 -0.01613733465104364 -0.022801980457620157 16.77843601906389 0.016513856301569617 0.999728816268075 0.016421980211823447 0.104877414514944 0.022530788584294602 -0.016792118460650547 0.999605106737707 0.5779265124325522
0.9994712946135631 -0.016385857850320103 -0.028082768597782366 17.532247154269164 0.016946493986674385 0.9996595187094095 0.019843335304940563 0.12083843043507814 0.0277480551971178 -0.020308746492555846 0.9994086158030699 0.6051884312775577
0.999128551709025 -0.016546854765133366 -0.03831899976939361 18.42476213082704 0.01736188284634765 0.9996280178638048 0.0210353484996919 0.12724355350924826 0.037956674641106185 -0.021682305179704587 0.9990441179372475 0.6394893393577086
0.9987686033889961 -0.017556041916620014 -0.04640117738522906 19.31511335367286 0.018562495853066078 0.9995997926477878 0.021349080706154266 0.13766104015555966 0.04600779916322052 -0.022184111066733677 0.9986947124747708 0.6707314948442156
0.9986248313182734 -0.014558576523042883 -0.05036368841032245 20.176600732298613 0.015812613742774425 0.999572567450938 0.024591433609191096 0.14926970948606164 0.04998414204627302 -0.02535399548326402 0.998428135395664 0.7152781978731659
0.9988540981764713 -0.01299749663668737 -0.046060423612542846 21.113784967459786 0.014294295366496046 0.9995075064139047 0.02793765743628185 0.16704170256705636 0.045674616783686166 -0.0285640424215108 0.9985478986783434 0.7634555220104822
0.9986810371747266 -0.009868549440134043 -0.05038655282592452 21.948492717604097 0.011275173344528412 0.9995524838409643 0.02770915867006906 0.17871916155899628 0.050090551800782826 -0.02824072595474371 0.9983453205732833 0.813357716010941
0.9986056580513811 -0.010990151785752167 -0.0516329667713762 22.853739498313157 0.012456589320167851 0.9995256966789757 0.028165759739625134 0.18798557361817447 0.05129892801068781 -0.02876965518734282 0.9982688555785387 0.8748777621713396
0.9985825631178148 -0.013229751070391284 -0.05155429477541843 23.8488820987933 0.014915184365262662 0.9993622419365862 0.03244598014583577 0.21139189823449472 0.051092160283685635 -0.03316892904815251 0.9981429729232556 0.9374554508808904
0.9984644026342955 -0.01496157011615067 -0.0533384952723522 24.802804874961396 0.016874652980876412 0.9992237331362595 0.035598766619167985 0.22532946447328983 0.05276447373958636 -0.036444166867206154 0.9979417388330191 1.0005280963782228
0.99856842198952 -0.015093166621617471 -0.05131578619500877 25.76960390795095 0.017198068274152586 0.9990182329954965 0.04082758321266234 0.23627275948469798 0.05064918547769362 -0.04165166444435996 0.9978475735061897 1.0568646718971682
0.9985158341558868 -0.014053962936109818 -0.05261769713588473 26.779409403097734 0.01628849045026317 0.9989729746235247 0.042282100367317034 0.253231710493929 0.05196942321833553 -0.0430764061969202 0.9977191906404533 1.1237163222260143
0.9982665448932876 -0.012495213993757685 -0.05751331985016801 27.77969023022167 0.015082437287901002 0.9988833831942431 0.04477277995247925 0.2583128933864841 0.05688965060990182 -0.0455626058596096 0.9973402617429495 1.1852269102994117
0.9979448638023102 -0.017653018554937793 -0.061598918274650305 28.828343524153972 0.02023823591147796 0.9989293947206455 0.04160015782457905 0.27296671502344766 0.06079859812321071 -0.04276131391485576 0.9972336644895505 1.266977441001833
0.9982224340377096 -0.014256679417322664 -0.05786818004690918 29.831947467172146 0.016866229723157634 0.998850954482649 0.04485973678946885 0.2935853752759402 0.05716213253863081 -0.04575601012625219 0.9973158272251034 1.3371957100730798
0.9979059468154606 -0.013452165367318915 -0.06326742877175089 30.783601360992616 0.016312308181388256 0.9988578899282807 0.0449101245891357 0.30539828879523595 0.06259102820377392 -0.04584811464977159 0.9969856040405929 1.4070151045317496
0.9978239491687839 -0.007708102539678411 -0.06548250611093814 31.806634050196486 0.01067764841773304 0.9989245350901723 0.0451204607683039 0.3058662366852315 0.0650642849036188 -0.04572147199163792 0.9968330687339926 1.4817479750023979
0.9980899047166232 -0.006472804547125534 -0.06143819569433976 32.80403488815103 0.009199221097315918 0.9989804839142332 0.04419798695054922 0.31279004480164463 0.061089469842128485 -0.04467874465485739 0.9971318205449087 1.5652436388246544
0.9983435283432849 -0.008207819287429132 -0.0569459226261642 33.87311534974564 0.01059305237270914 0.9990735945548561 0.04171132778349337 0.33918364824381425 0.056550805155503994 -0.0422454619637017 0.9975055430785675 1.6448277208057165
0.9982874430145648 -0.008320959034846842 -0.05790466083401172 34.93470973076742 0.010853337625513496 0.9989920163195216 0.043557448881189606 0.36126856291030085 0.05748385065971091 -0.04411130966093185 0.9973714355073839 1.7132911031828233
0.9983315752985618 -0.004974293335487102 -0.05752676901951089 35.9309429853563 0.0073896609558331645 0.9990965974713875 0.041850648655048395 0.3687683864088116 0.05726661832530922 -0.042205923992052106 0.9974663781292534 1.7757180119574338
0.997984524814906 -0.007547947028760626 -0.06300733061904147 36.952915563102856 0.010762766786441329 0.9986488360306127 0.0508405360573384 0.3909140950496114 0.06253845193217081 -0.05141619754163558 0.9967172606878127 1.8599234417756423
0.9980544839122474 -0.006566976318841977 -0.06200103991712544 37.94186432896926 0.009541686103785505 0.9988111646168429 0.0478049016716586 0.4002395747314212 0.06161339350597089 -0.04830348723318321 0.9969305612501417 1.9452262775528217
0.9980419167002672 -0.007440190210274282 -0.06210461387861253 38.94410535567043 0.010920170472937127 0.9983775822574229 0.055884238238156275 0.4151836426530156 0.06158806116760649 -0.056453001028934975 0.996503863760283 2.0217988183605278
0.9982140219520835 -0.008071100850364877 -0.05919147485430801 39.94498504111123 0.011582533274716356 0.9981776696022615 0.05922229133639358 0.4304868758586487 0.058605615803856224 -0.05980210446265318 0.9964883698221565 2.1006952659338425
0.9985654322752934 -0.0014257611669690044 -0.053526177297383265 41.001319713032224 0.0047417258937650685 0.9980727155474591 0.0618745947547378 0.44684609023254873 0.05333479550626618 -0.062039633395391425 0.99664761303542 2.1744636259741483
0.9987127545481314 0.001612920564288284 -0.05069752830520328 42.06562527888177 0.00182122926472299 0.9977096077095304 0.0676189083678121 0.4566408986145802 0.05069047193520429 -0.06762419319698479 0.996422312898589 2.2484283301064996
0.9987070540295605 0.0013184349172436413 -0.05081819503962314 43.1485139930408 0.002144245343271111 0.9976814359598072 0.06802388928809844 0.46611149828036136 0.050790051795230315 -0.06804489986644521 0.996388600563823 2.3130361309974847
0.9987364512119661 0.0024044415779163955 -0.05019687905981948 44.197559471629326 0.0012062151367954479 0.9974200971564229 0.07177596947663202 0.47436164741581366 0.05023995407098107 -0.07174582016313591 0.9961568477889388 2.383370090281871
0.9986844318694478 0.0013889729150380768 -0.05125898245146118 45.255107917491046 0.0024435847908077773 0.9972083353106909 0.07463015369839116 0.4748557473621649 0.0512195407209229 -0.07465722303115065 0.9958929856115792 2.43835757020239
0.998442701426361 0.0008583473287304414 -0.055780302925076124 46.24014312087235 0.0032226667242274388 0.9973245017590976 0.0730311411039635 0.48002501318169394 0.055693745536496524 -0.07309716594700286 0.9957685434534287 2.5064311669183796
0.9985526074443511 0.0015153513951499922 -0.053762448440859346 47.375222640227506 0.002592373870941063 0.9970851672521425 0.07625315602829363 0.48377342629557263 0.05372128696950348 -0.07628215476102883 0.9956380051424741 2.582761041957776
0.9987096995312296 0.0012077413239021356 -0.05076893153548577 48.44515006231009 0.002852516013313416 0.9968047204958543 0.07982673305585226 0.49653146662519765 0.050703117583539035 -0.07986854617499302 0.9955150377025621 2.6557794834639585
0.9985584442938432 0.005235806222887695 -0.053419347139169585 49.506761364307216 -0.0011138021354029307 0.9970380141179892 0.07690287906999582 0.5120749601542821 0.05366376510810127 -0.07673251529232969 0.9956064998301617 2.7319059478353376
0.9985391721595138 -0.0008149437788135086 -0.05402651678342213 50.57486695691735 0.004836966022161186 0.9972200416035085 0.07435648824946106 0.521451863108839 0.0538157257005718 -0.07450918537083352 0.9957671565458596 2.7991075826190674
0.9986572086691361 -0.00024224447708008848 -0.05180470902246143 51.58016070337431 0.004291501472603425 0.9969389286864526 0.0780669612923013 0.527048951800271 0.05162721669899974 -0.0781844481401972 0.9956012272278787 2.859408026184174
0.9983912121643911 -0.0015568264781842928 -0.05667954437320093 52.675195228496534 0.0059312756341675914 0.9970063495885505 0.07709250164743076 0.5340110496184793 0.05638984257296565 -0.07730465272384895 0.9954115517787465 2.926898219381511
0.9982239774863427 -0.000648125917577217 -0.059569100129676714 53.754896155557184 0.005624436579640656 0.9964995852097256 0.08340885654893661 0.5434009515366596 0.05930652054130395 -0.08359575734268936 0.9947333648110518 2.9956971723231542
0.9980726669043727 -0.0013506320792827365 -0.06204139229174803 54.86289432896533 0.006788055381368956 0.9961401194633525 0.08751502534120532 0.5483016759061563 0.061683715598236356 -0.08776748906653828 0.9942293337986371 3.0758980175913586
0.9982436577206586 -0.0007541140952960523 -0.05923713462458373 55.917207242497625 0.0063061496687426884 0.995590452109462 0.09359476003295802 0.5654802124571708 0.05890534095199214 -0.09380392739456868 0.9938465500797469 3.158523723657313
0.9985878940629352 -0.002442522553379671 -0.053068436010941765 57.02262675691449 0.007551914916271184 0.9953243757714542 0.09629356435949998 0.5638662586082477 0.05258510556316264 -0.09655834935170324 0.9939372580480703 3.2280026777416557
0.9986890396419876 -0.0026453296451568933 -0.05111957859912558 58.18121395272327 0.007423311052932895 0.9955912265645018 0.09350454000526745 0.5750519721225796 0.050646850564451736 -0.09376142935430566 0.9943056230284884 3.297260668049663
0.9991378949725561 0.0012062951119478304 -0.041497212774252806 59.23521877875388 0.0027015817298347436 0.9955697945236894 0.0939871302307411 0.5959044217450602 0.04142674530134789 -0.09401820511109929 0.9947081898597977 3.36116992553749
0.9994764308240696 0.006441739922224854 -0.03170765207442201 60.33499003966235 -0.003116617854452582 0.9945911899736176 0.10382074205478936 0.6042666842895091 0.032204935670142154 -0.10366755704354484 0.9940904691364042 3.4221920063946665
0.9996173574805487 0.00519877211721457 -0.027168334107879732 61.37311873481333 -0.002428784723835145 0.9948823510660482 0.10101140283577889 0.600732915595042 0.027554429701251947 -0.10090675867353754 0.9945142334580084 3.4676307128626025
0.9994811622018664 0.005454752163864765 -0.03174364611314163 62.395325676903745 -0.0020000439125944154 0.9941639835093711 0.10786134005249898 0.5972639288389656 0.03214674459670834 -0.1077418815439697 0.9936590234411047 3.512581911652286
0.999205254823261 0.007161331545989316 -0.03921200135404541 63.38831960877551 -0.0028470119150217767 0.9940383329244892 0.10899441343781063 0.6006127245618135 0.03975877517497583 -0.10879614627259745 0.9932686542147336 3.557560575021312
0.9991680701921802 0.003210109381695995 -0.04065550014833241 64.41847620024791 0.0012328899911900418 0.9940640188427579 0.10879017136326687 0.5969106802959028 0.040763395744783056 -0.10874978199310578 0.9932330097094725 3.606339171403991
0.9989617775105329 0.004007543929749919 -0.04537966120154392 65.57188277729723 0.0008185446023464109 0.9943834766549361 0.1058344287137729 0.5966882730793058 0.04554891863740949 -0.10576168714374978 0.9933477450702756 3.6633567180136395
0.9991966505899703 0.007743943806662075 -0.039320373475129865 66.69198883192037 -0.003377332687348382 0.9939340313316672 0.10992647517997577 0.5967969389286805 0.03993311934439299 -0.10970536042774641 0.9931616489603169 3.7192908416393564
0.9991853455781505 0.004942024328866978 -0.04005282216679096 67.81626436373229 -0.00024301661773083803 0.9931924402533444 0.11648524596413498 0.6033758944127013 0.040355830659399225 -0.1163806094386127 0.9923844727580223 3.7776585548337787
0.9991900528865849 5.038634678989555e-06 -0.040239845591599606 68.8664481486489 0.004750071135919603 0.9929936394397373 0.11807270564031029 0.5972034722773284 0.03995850323063197 -0.11816820721091294 0.9921892833108295 3.826795054343876
0.9990138798397499 -0.004258340404780002 -0.044194359489044474 70.0284739629611 0.0093987513116026 0.9931148592629094 0.11676743872239805 0.6050497355780722 0.043392836978892776 -0.11706765594625082 0.9921754918979326 3.8980803598183362
0.998977690343068 -0.0042588522816978955 -0.045004925954746186 71.05452220190185 0.009629395742634519 0.9927514475895997 0.11979955345150806 0.6263870754857646 0.044168494118972515 -0.12011044342494454 0.991777498534957 3.9506096688043746
0.9988849597559882 -0.00032737289816432117 -0.04720950101815836 72.09895119389516 0.005944917107176346 0.992888398026061 0.11890072323844719 0.6388522337789472 0.04683483812948873 -0.11904879275273664 0.9917831738713011 4.006412231517671
0.998929313180762 0.0024816614848455682 -0.04619605622351239 73.17736829970987 0.0029473173473272404 0.9931178800971738 0.11708238344236238 0.6526437546726799 0.04616868547133399 -0.11709317146906711 0.992047187773795 4.0763040755942175
0.9991043672141192 0.004728662483782469 -0.04204890189896882 74.21137009292147 0.00033523824770757534 0.9928204248859662 0.11961432399742783 0.6562152488776967 0.042312621850960554 -0.11952128189444686 0.9919295772881946 4.134702038970444
0.9990503586381629 0.001802689582558985 -0.043533185058604915 75.20615846400176 0.0034506516369283546 0.9927318564051393 0.1202981680761651 0.6574266701895802 0.04343363724275655 -0.12033413777427761 0.9917828368825086 4.190941671343862
0.9987841116134288 0.000873420578779488 -0.04929038964327974 76.25860748262005 0.00508387004095158 0.99268747016982 0.12060611839390387 0.664667465747514 0.0490352890970898 -0.12071005268571262 0.9914759728286452 4.244333512862088
0.9987380195331794 0.0064425965199354914 -0.049808315321278274 77.32725055553674 -0.00045491660201720245 0.9928579337883368 0.11930218491391821 0.6731595621999859 0.05022119383343545 -0.11912896128810287 0.991607837486722 4.308900433179655
0.9987987464889156 0.009736386367176983 -0.048023679355087036 78.32136420578313 -0.003871432263108974 0.992676854179466 0.1207384369179353 0.6774120751106472 0.04884754805661217 -0.12040747097868047 0.9915220315626406 4.369955196481009
0.9989915880713618 0.013027235390209661 -0.04296632503330011 79.28417807486638 -0.007588466602941671 0.9922036309857293 0.12439640185369465 0.6827563632334118 0.04425188222869143 -0.12394490225592118 0.9913018779447152 4.420382202585435
0.998975082326223 0.012848057634493542 -0.04340183512776052 80.41803387009007 -0.007451745138782558 0.9924677202429206 0.1222799686416439 0.683292519484522 0.04464597773644655 -0.12183121419452599 0.9915462031658309 4.477591830539726
0.9990960699921168 0.011719074870963766 -0.04086212423010641 81.62414630474278 -0.006556138896452521 0.9922273255469636 0.1242660309235189 0.6799313210213876 0.042000796610038346 -0.1238857971109941 0.9914071935642925 4.53803292990297
0.99886083201874 0.01305887864274002 -0.04589674207985867 82.64688161568813 -0.007325197368265052 0.9923869489166662 0.1229413684004711 0.6791266967495243 0.047152801384766435 -0.12246510666530115 0.9913520525341922 4.592227585053536
0.9986894276050426 0.010192357346708756 -0.05015525922323165 83.70129728479192 -0.0038544449663482304 0.99216511761255 0.12487440733661252 0.6768429971088649 0.051035060154046866 -0.12451742140478433 0.9909040394985313 4.658166874650219
0.9983958321223229 0.014562403929723862 -0.05471476746438894 84.7499579009187 -0.007620096675327415 0.9921263159324477 0.12500960891772114 0.6708056470909688 0.056104397687363576 -0.12439213241439723 0.9906456859272482 4.728014923868786
0.9985604299536183 0.013933243632217611 -0.05179709874935557 85.82983949904255 -0.007391762107148671 0.9922047833183903 0.12439905455368751 0.6686152877325356 0.053126608251616865 -0.12383709331598096 0.9908793664757882 4.805433946245042
0.9987925427793826 0.012358731853209237 -0.047547084257563765 86.78950431915759 -0.00647616798162469 0.9925163818403012 0.12194009179800099 0.6562056566756926 0.048698281975137224 -0.12148492333769116 0.9913979381797384 4.8727646604470065
0.9987726603303004 0.015001725441813872 -0.04720305283160308 87.66481919942147 -0.008898341829947866 0.9918695058314966 0.12694801248957757 0.6568323798527447 0.04872370495523342 -0.12637216685225167 0.9907855757494823 4.927451477155511
0.9986541856123557 0.015297143215010413 -0.04955625040802192 88.51453471594616 -0.008826773248666443 0.9917033036878586 0.1282448458589939 0.6534632298327868 0.05110687391841931 -0.1276348218326275 0.9905036197746939 4.984828995230384
0.9985877258598292 0.018485171659237475 -0.04980822398905262 89.35901777557198 -0.012006848120151997 0.991784347199259 0.127356739945528 0.6387355901532914 0.051753224969175164 -0.12657882911606685 0.9906055647015246 5.045168540583861
0.9983981950364091 0.016995180711971116 -0.05396494201542861 90.186692567426 -0.009700566364693798 0.9911138287048884 0.13266262669996798 0.645745035453778 0.05574002222730485 -0.1319266278035172 0.9896910608322289 5.09680457346637
0.9983133976924378 0.01208935065568977 -0.0567821677520792 91.19609424517466 -0.004306295392407336 0.9908037480974161 0.13523861703263318 0.637376367468241 0.0578949281873929 -0.13476599356920627 0.9891846568564497 5.164737841568133
0.9981691129754391 0.01027805586694729 -0.05960528882189841 92.12028147628484 -0.0020859549793008367 0.990719994594015 0.13590303920167865 0.6314816712470604 0.06044896678623878 -0.13552987318297985 0.9889274781207228 5.2331910571794165
0.9980576409704989 0.007356684223727813 -0.06186138928084174 92.97254241005045 0.0010522479297827428 0.9908705336011527 0.1348131053572127 0.6335511357547562 0.06228840148006474 -0.1346163345199776 0.9889381065639016 5.289567274105772
0.9981150030428776 0.007960472808409542 -0.06085292564457173 93.81233763901102 0.0006196809929798912 0.9901942532092971 0.13969628437271855 0.63258773891781 0.061368262021392846 -0.13947065750678742 0.9883227474888094 5.355433461596296
0.9979727254804666 0.006665451032108238 -0.06329311136094383 94.62631830435667 0.0023832911371427486 0.9898889910580496 0.14182454042310869 0.6355112999501601 0.0635984748259362 -0.14168785972730394 0.9878662690356632 5.420468561049906
0.997937505837421 0.006015778105295948 -0.06391049869071641 95.34906120725948 0.003107527384195647 0.9899047106384088 0.14170074837571703 0.6481052860208851 0.06411774009254273 -0.14160708570893227 0.9878442841739679 5.48567785568075
0.9978404630507107 0.004972991961513174 -0.06549569936884965 96.09178191023918 0.004467335492994414 0.9896828763688162 0.14320594295186573 0.6571578456063719 0.06553213017964978 -0.1431892662684436 0.9875233440442575 5.543706826590582
0.9976083322924639 0.009627339600913908 -0.0684465971322055 96.79846575711272 0.0005014253821256395 0.9892185035369715 0.14644656292810235 0.6591467451759004 0.0691185269975805 -0.1461306226757621 0.9868477346758261 5.595571411597757
0.9975651187564092 0.003930209146624123 -0.06963041205318275 97.50140027778696 0.006647934802020746 0.9885057732019549 0.15103720160962775 0.6606369768191532 0.06942366789814823 -0.15113233250015143 0.986072691793745 5.652626374814593
0.9971889286729532 0.0021052293861754095 -0.07489870177406743 98.18443411306438 0.009317664917118775 0.9883620707574389 0.15183442682525478 0.6713283272662932 0.07434667778613843 -0.1521054804689377 0.9855640392213023 5.70984684543022
0.9971786639471136 0.0006758277617893486 -0.07506172401168933 98.80950288172313 0.011024085040020204 0.9877986019168516 0.15534634389304966 0.6787529836470061 0.07425084892171765 -0.15573553630369946 0.9850041803258168 5.76242885494838
0.9971661160798456 0.003086436135359364 -0.07516793093027936 99.3947224667074 0.008653866079075978 0.9878198627686356 0.15536127021376045 0.687251780588192 0.07473188333727365 -0.15557147744851962 0.9849937269394562 5.814196145921695
0.997343342156579 0.0020338509108286957 -0.07281571459883336 100.04972132521104 0.009365855011081217 0.9877330280861344 0.15587123194643968 0.6945362422949614 0.07223950075388606 -0.1561391066392658 0.9850898512325931 5.871352189484836
0.9975696960599073 0.0038219688141754526 -0.06957083471864413 100.58308135548123 0.007010353891566701 0.9879219977068334 0.15479365731853545 0.7047705445235447 0.06932217035659233 -0.15490516772787297 0.9854941941995305 5.915875321408874
0.9978130929393044 0.007600891431963464 -0.06566022383802983 101.0710123428527 0.0027701353395521056 0.9876848870665598 0.15643204649723022 0.703194355965227 0.06604062977144931 -0.15627182164702585 0.9855037970861612 5.958707844048082
0.9978564943953423 0.013380332761605367 -0.06405771049880377 101.5813297525152 -0.003147862047021726 0.9875547967977638 0.1572441071934152 0.6973647444790034 0.0653644737936041 -0.15670539849693993 0.9854800275704889 5.99665827080127
0.9977114642782787 0.02391107436018025 -0.06324635607492719 102.02677715388876 -0.013793155447202679 0.9876890340549666 0.15582110200858723 0.6890359812876939 0.06619357827737005 -0.15459212292160487 0.985758422139096 6.036835421083666
0.9975396524841265 0.03611686500057682 -0.06008511271937534 102.52191655910391 -0.02640370284877156 0.9875241184042884 0.15523870331364203 0.6779810967855291 0.06494222930491117 -0.15327028266577564 0.9860480254009907 6.087718676414058
0.9970937175264534 0.04645805685758089 -0.06038024849581883 103.01251991284661 -0.036574465797939985 0.9871489142762717 0.15556164198017278 0.6595373905633686 0.06683138427934959 -0.15290115056780598 0.9859790998409035 6.128058672455184
0.9964235648163716 0.057692010185506556 -0.061739115846530065 103.43219060357337 -0.047565776704721424 0.9868497313705418 0.15448365460837693 0.6367806781449475 0.06983969819805083 -0.15099447494273416 0.9860644330798594 6.158074569942141
0.9950589645714807 0.07279286459038549 -0.06751935186878184 103.8850310432374 -0.06157998418935893 0.9859294882566345 0.15540606389083805 0.607706340249662 0.07788176783859953 -0.15048034654499404 0.985540499743549 6.201752706683478
0.9931822842306681 0.09015102804899765 -0.07390364955929384 104.35156193290582 -0.07779402800528981 0.9847282020524293 0.15575157222351316 0.5640224153037231 0.08681616699724477 -0.14894042992628825 0.9850277572606826 6.246906973637066
0.9904101058370274 0.11326362654193033 -0.07911498053200926 104.79925803400742 -0.0999666355737414 0.9827628523287464 0.1555118735515965 0.5169628687653696 0.0953650968499905 -0.14611166312486398 0.9846607848870643 6.298685590457123
0.9871082559077935 0.13720378252679316 -0.08241614019799831 105.21531200538553 -0.12319363084521928 0.9800393216957182 0.15603317663292898 0.45805437127675425 0.10217939389200001 -0.14386848384548248 0.9843074783382462 6.347327574205855
0.9827807496283035 0.1627410846613017 -0.08750625411600363 105.59161022358411 -0.14772836021109434 0.9764992668081658 0.15692548700975986 0.39223476338068636 0.1109880101229553 -0.14129618303569938 0.9837260957000278 6.395795102579711
0.9772877790642301 0.19274927180310528 -0.08806998408764852 105.99256578413309 -0.177374506227258 0.9714166023907848 0.15775983044163883 0.30686879312730697 0.1159607299995646 -0.13855537525191386 0.983542321498928 6.449187814221831
0.9707722023733343 0.22151132225104603 -0.09238004221660193 106.35640096908512 -0.2051774770033232 0.9656597580825016 0.15938484718250245 0.21447367673879975 0.12451322977350486 -0.13577206618476867 0.9828847250558025 6.504167636206259
0.9632006832665325 0.2523662231868333 -0.09249724393418478 106.68339974989725 -0.2362885272266776 0.9590588829926746 0.156121381670434 0.12056927799348352 0.12811005896565744 -0.12852017544726596 0.98339735528806 6.5571896007167885
0.9527156717629361 0.28830840862900753 -0.09597456578296285 106.9948108213955 -0.27176481351847837 0.9497486193140132 0.15531111101652242 0.012410752305990841 0.13592920216862767 -0.12188481139183208 0.9831924154724289 6.609756424430276
0.9396879850786345 0.3287385813147484 -0.09443221293681577 107.33654191892774 -0.3122584574852392 0.9372078144495629 0.15535849904143248 -0.11992158824569568 0.139574931786012 -0.11650125001589812 0.9833342657786287 6.66586751903232
0.926263269084482 0.3651163457196689 -0.09341529542513566 107.65136277845303 -0.3489502610323823 0.9245002833685896 0.1534048119767573 -0.25865378395873995 0.14237306257460497 -0.10949594358071743 0.9837380395640027 6.724181898680567
0.908934210028437 0.40658836269054205 -0.09232828467337176 107.92904175698432 -0.3904491664342328 0.9077264438929452 0.15356512119968926 -0.394659268867235 0.14624660756445423 -0.10353108337919428 0.9838156461669789 6.782240584688379
0.8891516860490498 0.44837240976478376 -0.0914957285558983 108.20328797181239 -0.43244855955494615 0.8886798511120626 0.15243510267352758 -0.5562646571115826 0.14965809536253497 -0.09597072605043057 0.9840691313757092 6.83800839942296
0.8660684056322853 0.490532553666789 -0.09645381042142281 108.46762664692332 -0.47406717675313365 0.8670882282664295 0.15303075275215683 -0.7270045842600412 0.1587005195600185 -0.086809508540527 0.9835030429088989 6.890809585230638
0.8437537547554372 0.5274730160676124 -0.09925636323561024 108.72847576034789 -0.5105508199617356 0.8458060805777632 0.15475796992360696 -0.905531780893467 0.16558227830793346 -0.07990219508454766 0.9829537778673808 6.946883046884732
0.820519397350909 0.5632117765026208 -0.09767507545830158 108.9162062492136 -0.5460280186246973 0.8228134640117917 0.15758014239902626 -1.056045644045835 0.16911934847758064 -0.07596423032984186 0.9826637587565976 6.98861195144319
0.7893435883182034 0.6057514185861876 -0.10000962677605443 109.1572436512537 -0.587222847814841 0.7924358131934769 0.16496940302194016 -1.2661344416112255 0.17918164853559032 -0.07148959776967091 0.9812151422249508 7.05068552001042
0.755615718600572 0.6467570299721332 -0.10368334953833329 109.39425243633686 -0.6280584524239458 0.7603278083006598 0.16566321023192618 -1.4859640847667344 0.18597716800522238 -0.060058517377859465 0.9807168034472857 7.114605375809521
0.7192868423436644 0.6869183388624748 -0.10377688158651005 109.6295071399251 -0.6673395800490072 0.7247119281127818 0.17161177439751277 -1.7391195185853812 0.1930916067545956 -0.054183666907580544 0.9796834911001147 7.185896198914596
0.6816560454181251 0.7244033628130762 -0.10288250908755878 109.82537813825448 -0.704887413313862 0.6878752044551274 0.1730939993422745 -1.972565587268218 0.19616018977362962 -0.04546998209567471 0.9795170451650773 7.250219471856668
0.6404268634430644 0.7616916566714025 -0.09838322887451242 110.03144615360046 -0.742862418556624 0.6468636576478392 0.17240339460537427 -2.240425432746619 0.19495875017103403 -0.037326559155531916 0.9801009105220179 7.324022715405524
0.6032426690360744 0.7917740172114233 -0.09587593498495739 110.2083899800194 -0.7740757097590789 0.6101913570489103 0.16874062434571446 -2.5008495451859423 0.19210709666748949 -0.02757631004932375 0.9809864380442692 7.396256976732737
0.5608361683115655 0.8224176967495168 -0.09535161966606848 110.38225295338368 -0.8053922245586321 0.5686283038538276 0.16734787610725924 -2.7877989440738813 0.1918494723618096 -0.017059287067474994 0.9812760782633887 7.463953716890735
0.5184025930586746 0.8500562770408732 -0.093075691561083 110.52495691832208 -0.8329841904872558 0.5265869912596093 0.1698339600764131 -3.05963445373595 0.19338085985993778 -0.010511784667017464 0.9810674423889914 7.530110183904296
0.4707811234276186 0.8780971766445418 -0.08550139869753764 110.67458667698642 -0.8615296448142097 0.47844066331792634 0.16988613172062544 -3.3907233998575323 0.19008386636358093 -0.006317193549302094 0.9817475224856259 7.60664227909049
0.4182784467997298 0.9046178441344703 -0.08191278290004653 110.80114022527542 -0.8885553764750476 0.42621985674854596 0.16972351519847936 -3.719985019689682 0.18844776293079954 0.0017923555403685692 0.9820815695250193 7.677551231585299
0.3758827003548603 0.923159449623699 -0.08055329372861632 110.91760029609755 -0.9074258848734079 0.3843069198480308 0.16996043592384943 -4.051690402399898 0.18785775862257015 0.009210955966749996 0.9821530440355077 7.751096131267612
0.3309549320445996 0.9403083117423262 -0.07930396465355315 111.0208872877558 -0.9238922015415117 0.33998620135113394 0.1755923625400542 -4.397234038682534 0.19207319934323855 0.0151551554231512 0.9812635672697139 7.822671847013549
0.2932534127672352 0.9526568773965116 -0.08029518563163464 111.10986223707297 -0.9360601390931116 0.30319057451385206 0.17851326697962258 -4.741809888150026 0.19440662248057886 0.022811496713942704 0.9806557407398864 7.891977392337743
0.2606941951163125 0.9620948580076334 -0.08007513855155816 111.19875526982834 -0.9451656462944297 0.2712464452598088 0.18189931819427974 -5.116007339704919 0.19672448277231563 0.028264172227063473 0.9800513229107012 7.971622584840479
0.2304885621200397 0.9699141740107423 -0.07836788099098659 111.28457065061728 -0.9533812943101949 0.24121114443271763 0.1813322542232057 -5.5127838690971505 0.19477991732509256 0.03291945945968581 0.9802943813408521 8.061793157517334
0.2016830773143756 0.976478928375742 -0.07624202088932025 111.36078264913989 -0.9599442820115262 0.21252461489406907 0.1825934239185415 -5.926865763683758 0.1945019245447069 0.03636208632814132 0.9802279230459626 8.146591496414363
0.17488899858465934 0.9818583809247564 -0.07326639726362988 111.43713484057706 -0.9655248452553638 0.18559955750880486 0.18252307363162218 -6.3828458099418794 0.19281000806789808 0.038819247104627363 0.9804679229509851 8.24067391227261
0.1503602648169926 0.9861508398253529 -0.06998799084154549 111.50383931989178 -0.9707292470223667 0.16067821780880215 0.1785142410508724 -6.856631744668052 0.18728750229756155 0.0410979387254051 0.9814450224074682 8.339776853248708
0.13095367823981116 0.9889941872795569 -0.06885955757071054 111.56878962293442 -0.9740459325040217 0.14128703976225515 0.17684057432722516 -7.343666542521712 0.1846232512199061 0.0439144457435146 0.9818277637430932 8.439817586086829
0.1120761201844692 0.9913228645799522 -0.06868717807214986 111.6245436198381 -0.9765806439300941 0.12265711402794588 0.1767641740857326 -7.880109229312538 0.1836553265861054 0.0472675230031316 0.9818535956946083 8.550489514142882
0.09718166792584465 0.992896117429315 -0.06865151417896011 111.67439799819331 -0.9780660052704557 0.10804329455967185 0.17808321312178163 -8.4271373197593 0.18423545476354702 0.049839285612085914 0.9816177076186421 8.663834899141152
0.08492176083807768 0.994031055235109 -0.06848768320258272 111.7161900585676 -0.9790217957500574 0.09602144036017066 0.17971171747630757 -8.96874361423889 0.1852153021964682 0.0517894960413146 0.9813323193621972 8.778902825704337
0.07341443236774567 0.9948520315873303 -0.06985530296838298 111.75831693933235 -0.9792812124579632 0.08516602381074977 0.18372574744962017 -9.541441996170704 0.18872921933596248 0.05491986106643511 0.9804922598990843 8.892405755357531
0.06635294876388455 0.9954516997636523 -0.06836085586148243 111.80454929095264 -0.9799190448275114 0.07792188318522328 0.18354002469761083 -10.144738277400853 0.18803202406136668 0.05480967946481462 0.9806323664131639 9.016115651219897
0.06343076755479286 0.9958074760347285 -0.06590914494116072 111.83882953794505 -0.9805627321440554 0.07447407668764712 0.18152254733917014 -10.692335034265728 0.1856700204428191 0.05311393357067036 0.9811755880891785 9.12423341541865
0.061447510566168526 0.9959911083796608 -0.06500709545885446 111.88192582719715 -0.9808530260546623 0.07231582262249059 0.18082549056656239 -11.271966034088978 0.184801610428199 0.052651126920021524 0.9813644606923198 9.239860136602912
0.06199523660427806 0.9960270753040562 -0.06392701217598565 111.93038523235491 -0.9805641202290016 0.072728131669782 0.1822216231519746 -11.952973458660054 0.18614695051404156 0.05138765875456053 0.9811771514027319 9.375196565446561
0.0628570868759588 0.9960423953874625 -0.06283741088233082 111.96962138113071 -0.9801344453236267 0.07347525038748912 0.18422256005016316 -12.643054402956356 0.1881104623667647 0.05000941442607334 0.9808738417909079 9.510795353660011
0.059618653313181266 0.9964721756882323 -0.05906628685133641 112.01774626615767 -0.980230997653088 0.0696248521564677 0.18520169049718652 -13.380387769055622 0.18866080079873093 0.04685712712360517 0.980923795700989 9.669317133833145
0.06197465614798695 0.9965027149709961 -0.05604897891035607 112.06284634879252 -0.9801494112150194 0.07136150412223073 0.18497232870096358 -14.160483210158208 0.18832515504330705 0.04347277463033135 0.9811440948895256 9.827254284417839
0.05961296002291893 0.9965510113841385 -0.057726802203805445 112.11226361355943 -0.98057975806175 0.06928562982284743 0.18347461552052519 -14.915115520492803 0.18684143945671805 0.045668266104439095 0.9813280119641378 9.97628322456648
0.05647882132462247 0.9966803795183501 -0.05863762282920328 112.15308037851143 -0.9804807091560027 0.0664476896301782 0.18504696289468536 -15.634488909752887 0.18832899962728622 0.04704182086160114 0.9809787133685124 10.125604541128077
0.056557892981150576 0.9965057813080508 -0.06146087818510821 112.19885853071746 -0.9805195854605174 0.06703774505832874 0.18462767459572 -16.37377012953636 0.18810273167885955 0.049821439572248084 0.9808848900796826 10.278558647339636
0.05630262443589329 0.996668803687871 -0.05900268827044575 112.24049731666882 -0.9807215297098228 0.0662841947554201 0.18382541078437503 -17.11302892823484 0.18712398586522297 0.04751535080447071 0.9811864687431087 10.421739234292156
