1.0000000000000002 0.0 0.0 0.0 2.168404344971009e-19 1.0000000000000002 9.791700870259712e-19 8.673617379884035e-19 -8.673617379884035e-19 1.6601845766184287e-19 1.0000000000000002 0.0
0.9999997969619202 -0.000690588364242978 -0.00013428652792525989 1.1991661431071223 0.0006906840629735877 0.9999995005579567 0.0007154527024768169 0.011448842777928406 0.00013379137455555787 -0.0007155449211008535 0.9999997024801234 0.020477394588076153
0.9999350771720175 0.011305487546108854 -0.0014547375634274245 2.3432572924716717 -0.011294898418069224 0.9999110552934071 0.00709202403815219 0.004343014008493885 0.001534785853841762 -0.007075131659155035 0.999973760560441 0.030994385118068405
0.9999146519374812 0.012723065022103054 -0.0029835090466059063 3.543419672638752 -0.01272634343389456 0.9999184257701301 -0.0010825993693264254 -0.011250990177826724 0.0029694904753818567 0.0011204763724271703 0.9999949307491598 0.045850312131217846
0.9999110943897991 0.013311665503526617 -0.0008317131468103863 4.594033970996703 -0.013311704775629752 0.9999113894546842 -4.228447236452018e-05 -0.00848145080153483 0.000831075513714404 5.335254926583529e-05 0.9999996206659268 0.06950073234986978
0.9999064808926134 0.013036592003894296 -0.004143139741302656 5.806223639015853 -0.013042704048488077 0.9999138814480522 -0.0014517547318047734 -0.0262775169504559 0.004123855711143749 0.0015056569225164085 0.9999903307914066 0.08123030592711761
0.9999721741343582 0.007405139796457703 -0.000950647485408896 6.918733926762705 -0.007400382700422335 0.9999605402727604 0.004913478045483808 -0.042251786528842934 0.0009869938978251287 -0.0049063054890661 0.9999874443584255 0.0860908074122699
0.9999906304816165 0.004013332594896444 -0.0016495391791798398 8.029347404908702 -0.004006323974918354 0.9999830214695642 0.004230386981825285 -0.05081983916651178 0.001666488007462147 -0.004223738123123032 0.9999896588060246 0.09890129338959769
0.9999498346906835 0.009537356642091604 -0.003075028357264544 9.297551487218522 -0.009533841678687968 0.9999538791674402 0.0011556098135728976 -0.06434162136734667 0.0030859067783707388 -0.0011262346034572215 0.9999945718052548 0.11515930040733839
0.9999502550301032 0.00872735281529116 -0.004838351693604227 10.447373137866707 -0.00874096485430979 0.9999578734489392 -0.00279944531977398 -0.06425120659469895 0.004813714780414421 0.0028415980436819845 0.999984344045232 0.12075510077135221
0.9999493501119043 0.009932444736319051 -0.0016530642401412147 11.675016338161214 -0.009936168477179094 0.9999480759962989 -0.0022600664814472742 -0.08401724751506831 0.0016305293067237483 0.002276377293756917 0.9999960471649867 0.14255511745904295
0.9999151396320469 0.012985925846607748 0.0010808022819301043 12.867161898602987 -0.012983157359222192 0.9999125099132581 -0.0025298571424487923 -0.09027381089822469 -0.001113561177331847 0.002515610371095694 0.9999961832681998 0.16654538479883896
0.9998229948095277 0.01824541157474959 0.004601399310766989 13.996829883985392 -0.018252264008277074 0.9998323545429236 0.0014517923172858225 -0.11383449990702695 -0.004574140028798535 -0.0015355208716779862 0.9999883270736971 0.1702815918106922
0.9998264650608365 0.01800436300160987 0.004792864060280709 15.045320841168724 -0.017992228581798865 0.999834837223341 -0.0025628145548389197 -0.12031037805785602 -0.004838214952066046 0.002476135648423153 0.9999851975371086 0.18189334598408533
0.9998395951550185 0.0163773960601691 0.007256288829666502 16.18787888268841 -0.01633378996979132 0.9998484164385598 -0.0060283898127228485 -0.13267291275504728 -0.007353918692383967 0.005908900023669774 0.9999554688311765 0.19114063739281933
0.9999187799193691 0.010532917373937883 0.007181927679723559 17.30624956959484 -0.010507102120218352 0.999938231412322 -0.00362273353142855 -0.15023490449875984 -0.007219642492207472 0.0035469781126916877 0.9999676147623755 0.19430022830632207
0.999904514886922 0.01084074602384533 0.008574858799914221 18.574944948526948 -0.010831967698069402 0.9999407556187336 -0.0010694679195061303 -0.16330057217655713 -0.00858594499656028 0.0009764834600467487 0.9999626307485547 0.19686740079170123
0.9999477947842136 0.007577058497970116 0.006861833555942146 19.769804874261787 -0.007509070808169702 0.9999229896947666 -0.009880210963571922 -0.17937380723057147 -0.00693616855699249 0.009828168789073747 0.999927613144574 0.1996035706883636
0.9999586800191632 0.007246436631892832 0.005496933646639759 20.979629578058557 -0.0071806990810857835 0.999903572551149 -0.011885840036063444 -0.2022573593879325 -0.0055825341718817425 0.011845876560097834 0.9999142190136838 0.21194217796084516
0.9999300295434654 0.010939499625412156 0.004511345053613348 21.99768798548878 -0.010861684828248752 0.9997977297011951 -0.016926710260261633 -0.21005900887954587 -0.004695602942019372 0.0168765241895904 0.9998465227770169 0.2097471233161976
0.9998852798354523 0.013253891528942244 0.007338282957280373 23.11319515390995 -0.013183203712913868 0.999867020363488 -0.009598685457451956 -0.2129626921840002 -0.007464527511235558 0.009500841851555197 0.9999269721825432 0.22856786029274107
0.9998834356681149 0.01181632138067665 0.009673597810453509 24.29283198034615 -0.011751984323685051 0.9999086197700636 -0.0066807939041071945 -0.23047604725057966 -0.009751656537797264 0.006566331040796063 0.9999308592879982 0.23025438261109368
0.9998378537400617 0.013328770735880468 0.01211193494783053 25.428764070948258 -0.013186009874452972 0.9998435318106335 -0.011791143847682165 -0.2442734398545533 -0.012267201382712867 0.011629523346606288 0.9998570921996651 0.22576349482006156
0.9996516581809833 0.019033561614496628 0.01828591527162439 26.482479364204682 -0.018822473209252982 0.9997549922502341 -0.011647317555062167 -0.2532838901930222 -0.018503124683944862 0.01129907365769261 0.9997649224574802 0.24150791588955084
0.9995851467979235 0.01661868166019312 0.02352536056884655 27.64500630369463 -0.01631351467083798 0.9997810372939426 -0.013104836501818371 -0.2709278607557475 -0.023737993787302927 0.012715618004767828 0.9996373120160699 0.23680978917212028
0.9996425210262366 0.020619787226910068 0.01702185066526431 28.74965325369917 -0.020428518495321884 0.9997270538701942 -0.011335052947159863 -0.2967076097437492 -0.01725093075463275 0.010983269234804293 0.9997908321494138 0.22487329383826385
0.9997336407383843 0.0195166136989408 0.012322265812123222 29.96836370036384 -0.019421043621592766 0.9997807403387945 -0.007828431865143808 -0.3138629224407161 -0.012472348618431422 0.007587035195544093 0.9998934004592112 0.22794518000767378
0.9995492317755201 0.023940474589323652 0.01811838299762499 31.14810333850789 -0.02386597299474283 0.9997058410725196 -0.004317023477749395 -0.34096004487304926 -0.018216404593560213 0.003882664691360382 0.9998264961399957 0.22644495689389654
0.9995366698622055 0.028168909103090698 0.01153460141302944 32.2958539218881 -0.028129163959901168 0.9995978325325868 -0.0035935169790549185 -0.3604502467142116 -0.01163118818957721 0.003267393370001118 0.9999269845678069 0.21982788573566225
0.9992780098500372 0.034257687162992115 0.016430422071106683 33.43988415375186 -0.03425906702622042 0.9994129613764744 -0.00019746494856796902 -0.38688449261976937 -0.016427541292386376 -0.00036556822463097455 0.9998649594380048 0.23034706276248224
0.9991833579977325 0.03804435457455839 0.01361370832741853 34.67383150684449 -0.03805245498697501 0.999275681410878 0.00033651671162301553 -0.42314565296517714 -0.013591045130966857 -0.0008542765643367689 0.9999072399821908 0.2222941244020898
0.9988814328388876 0.04632607960491026 0.009479786243059035 35.799033896948934 -0.04629529392193338 0.998921864824186 -0.003441477888944931 -0.4622370720640745 -0.009628996245136977 0.0029987589454562123 0.9999491110757092 0.2189698996935753
0.9988114035747558 0.04852530850263649 0.004600368767135238 36.9663800866628 -0.04852055925983559 0.9988215307702953 -0.0011379947294911067 -0.5139796333637467 -0.004650169593105491 0.00091342986670783 0.9999887381534037 0.23224933469524994
0.9984280776014418 0.05600185715904089 0.0022923177945794065 38.08463969900966 -0.05601717365374194 0.9984032821697608 0.007276842838983709 -0.5690586246492572 -0.0018811417718718748 -0.007393812560927685 0.9999708634287554 0.23976434735090607
0.9979275154188149 0.06412610405021404 0.0053484220491093176 39.166715609549136 -0.06418542497216223 0.9978685042174318 0.011775803378801717 -0.6280438336451976 -0.004581886200272062 -0.012094687809945371 0.9999163263546758 0.252427790663247
0.9977329115495654 0.06729815362492653 0.0002908582920968855 40.31450493984712 -0.06729256474026579 0.9975726843395565 0.017900844210717033 -0.6988209098542757 0.0009145403968636497 -0.017879832460541957 0.9998396921867266 0.2671935672330791
0.9977560905655805 0.0667791060235912 -0.004839794109528104 41.41439824613513 -0.06669814670390765 0.9976557841813134 0.015306323825146467 -0.7615516456045007 0.005850589774220375 -0.014949171180230592 0.9998711055657729 0.289034287618059
0.9973784937135329 0.07206567567828513 -0.0065396892739501625 42.49369058781065 -0.07194969337490782 0.9972715928789112 0.016510653930818766 -0.8315192666139909 0.007711696200222015 -0.01599684109670224 0.9998422704015094 0.3151566765191306
0.9969713565416553 0.0777348144967203 0.0023455744915728887 43.69104299397312 -0.07776287424930715 0.9968377049344984 0.01635589932152016 -0.9143410490152958 -0.001066735232928561 -0.01648876030560005 0.9998634495392509 0.3431037846090115
0.9970540966565015 0.07663988087402362 -0.003089638999411538 44.80234898401988 -0.0765901975911522 0.996966357648424 0.013856889383634993 -0.9997298723999514 0.004142255176821106 -0.01357943103114887 0.9998991827379013 0.369652590472228
0.9968108343418928 0.07979130064534293 0.0012640209601499442 45.96727096703243 -0.07979948932837523 0.9965560667531879 0.022539683971909676 -1.0897850331683696 0.0005388018880832911 -0.02256866753456763 0.999745117419056 0.3923729451749402
0.9967063263655731 0.08107884859634959 0.0016757571953143376 47.13541640441779 -0.08109528963259639 0.9963870035428651 0.02522861873910712 -1.1796908845513963 0.00037580362411934477 -0.025281417845413587 0.9996802706607569 0.405455687320705
0.9966199766557029 0.08192895524776994 0.006029700808404178 48.3335296413598 -0.08205654890611021 0.9963045931966674 0.025374601278636538 -1.2782390571754907 -0.0039285047730907895 -0.02578360886551412 0.9996597957450927 0.4329466204962605
0.9965955071624728 0.081961473750461 0.008933128974203173 49.48164720480471 -0.08217740544238519 0.996243101039412 0.02732302507668691 -1.3809625749211605 -0.006660133246590455 -0.02796410313039016 0.9995867078079085 0.4476542013165414
0.996587423975165 0.08199401677323967 0.009517166436406774 50.54398815010825 -0.08221991918975306 0.9962631886923035 0.026448700880798672 -1.4667545847175658 -0.007312967848540595 -0.02714094112820445 0.999604834262482 0.45266024686428474
0.996874321221626 0.07880059873300709 0.005669408900906743 51.781115757103215 -0.07894535598111256 0.9963336322343258 0.03296838001750054 -1.5587030348940702 -0.0030506954753230318 -0.03331290230251729 0.9994402826894173 0.4625141103676843
0.9967301609920939 0.08043756884522514 0.007672845364518327 52.99480680101583 -0.08067124105021435 0.9960262322580717 0.03773440809679961 -1.643371821150258 -0.004607091895439952 -0.0382299976097233 0.9992583133764912 0.4658200199073797
0.9963048897762445 0.08540481030284884 0.009092516380143969 54.12932355433619 -0.08570749386217871 0.9954798365721971 0.04091589553296199 -1.7443278642816396 -0.005557003042057576 -0.041544000341871404 0.9991211891546429 0.4655942323477552
0.9958239683565351 0.09106250823828986 0.00650634375339603 55.21635519083853 -0.0912462331697816 0.9950856553387698 0.038453263899761225 -1.8291742191130622 -0.0029727194828175437 -0.03888635817024346 0.9992391850563781 0.4783288683497361
0.9961634677060762 0.08746797127121884 0.0027907845753432294 56.2825575156123 -0.0875100398346908 0.9953909814484553 0.03922724834116908 -1.9301381140900542 0.0006532049674953968 -0.0393209703286083 0.9992263855006482 0.47508104602873785
0.9956150459506646 0.09326691308201172 0.0072147120422131365 57.4089998223754 -0.09347272828615212 0.9949192529228645 0.03739678145723414 -2.0264213238400757 -0.0036901743040094787 -0.037907174138218 0.9992744185795331 0.4896948467844197
0.9950218936507624 0.09931778481584472 0.0082156949777721 58.62068379037351 -0.09958004592792666 0.9941083314571381 0.0428068897924746 -2.139191573265328 -0.00391580609690277 -0.04341190846654527 0.9990495520898385 0.5045741331699133
0.9945770729049853 0.1038291801888617 0.00600302108139883 59.8385404117367 -0.1039828516059544 0.993854481599835 0.037958213986245604 -2.2582675751341434 -0.0020249600422970982 -0.038376577617361775 0.9992612634802815 0.5180804905089503
0.9945226321324223 0.10429534677698393 0.006877767523737583 60.96571399121374 -0.10448924688451623 0.993701378316756 0.04049145650744252 -2.3709969056875217 -0.0026113774050490228 -0.040988319473805566 0.999156180604296 0.5197877904035451
0.9950995052860345 0.09873234275515122 0.005384045190354855 62.12091907324958 -0.09887373364661643 0.9941335173870272 0.04384660118735952 -2.4966499913099045 -0.0010233830737628262 -0.04416406838606973 0.9990237347609303 0.5233630786213777
0.9946116744659876 0.10355554180668468 0.004894450544401733 63.28835312453026 -0.10367028659333839 0.9936857382633207 0.042908219293539364 -2.606730278464027 -0.0004201627982459297 -0.043184421592012134 0.9990669967824927 0.5295966625282266
0.9945466981791573 0.10427169210957267 0.002090032197388832 64.3821981187502 -0.10426344301193403 0.9935945416991434 0.043577645532709576 -2.7254839727892493 0.002467269053922378 -0.04355791406718322 0.9990478244661436 0.5437093783830798
0.9945017023518974 0.10452299227390952 0.006434048051565876 65.39448187613316 -0.10470354584788408 0.9935751794746266 0.04295951875954604 -2.8361726005209387 -0.00190245388621204 -0.04339697883088756 0.9990560633731048 0.5554795015079407
0.9938988254341077 0.10994666718376407 0.008771775471777793 66.44444644904058 -0.11023671185212797 0.9928256306157031 0.04631548969589704 -2.955064000649143 -0.003616610547158162 -0.046999878886580575 0.9988883152674275 0.5670838880662318
0.992708252898953 0.11997987352033772 0.011629421541729268 67.47659877260438 -0.12038328548430445 0.9917268741367813 0.04456076440212223 -3.079886909110095 -0.006186815577578672 -0.045635823052829656 0.998938952004727 0.5793902184322778
0.9921772985010179 0.12371129539105481 0.01672759997526692 68.64933356463095 -0.12429637206563447 0.9914289306092605 0.04023776181036695 -3.227782179751122 -0.011606361109326988 -0.042002170568407396 0.9990500712748811 0.5764803397443854
0.9909605684129371 0.13289601458597367 0.01832730277254935 69.76968626049397 -0.13362907249243366 0.9899010855896313 0.04731914798989798 -3.3710125624927096 -0.011853690904491744 -0.04934046650818946 0.9987116416872779 0.5939408866242549
0.9906021871644354 0.13500666082814894 0.021922526909865587 70.9604523559385 -0.13582691063494556 0.9898564271274419 0.04165686084032477 -3.5362445095420916 -0.01607620034972371 -0.044243043180050644 0.998891407399967 0.590744129713238
0.9902535824315194 0.13792578530571487 0.0193496537020151 72.13645917707032 -0.13866194774057372 0.98935983288945 0.0440451512309633 -3.7013637438816644 -0.013068808169596139 -0.04629892593837251 0.9988421049269911 0.5842187958079904
0.9898063582422599 0.14097320856644804 0.020248864627922535 73.21853615718128 -0.1417273587064297 0.9889912992392194 0.042538874649293124 -3.854394971806414 -0.014029109308730994 -0.04497506327209991 0.9988895647871576 0.5659516656518311
0.9900572821796451 0.1393189965792083 0.01941350211222879 74.42585906808098 -0.14001801170506673 0.9892946911205995 0.04112129073808508 -4.020195125071474 -0.013476697671837429 -0.04343066999457381 0.998965510109677 0.5633855856666907
0.9906169577199861 0.13551024244357995 0.017751229239845664 75.47823733284913 -0.13608286125110983 0.9900261075357318 0.03646575523100018 -4.163119025715238 -0.012632697175908274 -0.03853923060254406 0.9991772002661133 0.554344599516357
0.990302140534764 0.13801996555097126 0.015882330767789544 76.70224142074638 -0.13851274658301704 0.9897111303336975 0.03586206297513013 -4.322068935252408 -0.01076923909466007 -0.03771418007603445 0.9992305034252694 0.5642436087475805
0.9899170397464493 0.14088907361761072 0.014649649273696289 77.91282454937736 -0.14134990281819274 0.9892454509481714 0.03759830827105383 -4.488279025431918 -0.009194908448588324 -0.039289929504820395 0.999185513287263 0.5609777700039373
0.9896983788223884 0.14205715715971284 0.017803705375020976 78.9882745858408 -0.14263126580222152 0.9890938428354991 0.036738020003396335 -4.636979936807605 -0.012390636823285643 -0.03889892088199271 0.9991662929354317 0.5676058836212821
0.9893962413298156 0.14480763088704282 0.011221254313089717 80.04599793492247 -0.14514285246203262 0.9886178216186453 0.0396023381935695 -4.787092937980644 -0.005358811868951283 -0.04081108629085146 0.9991524774708397 0.5700990564410495
0.9887850098241815 0.14921416444620775 0.006279040106352297 81.06206027203386 -0.14934620509593646 0.9879234690943737 0.041266454526522695 -4.940113323039449 -4.567258157103012e-05 -0.041741399268613595 0.9991284143522875 0.5819070120005273
0.9886451303420917 0.1502240732356556 0.003690926767181206 82.14711931680526 -0.15024118163879652 0.9876852176886775 0.04365189723547694 -5.093205080289864 0.00291209075753448 -0.04371076150281119 0.9990399511137015 0.5929236387355292
0.9876125613046737 0.1566030473068208 0.009849020077329892 83.32467214594747 -0.15689124797264803 0.9865636265279562 0.04557781428283851 -5.28005275107747 -0.0025790612068135117 -0.04655844342732868 0.9989122056787166 0.6098183096377731
0.9852004423745323 0.17121953253206712 0.008003055264731327 84.45589511968579 -0.17140455028069057 0.9838946017734083 0.05071373361752598 -5.465688013516379 0.0008090177959843077 -0.05133494902793477 0.9986811319753208 0.622597957128413
0.9844398646184893 0.17554825047062317 0.007813678754451131 85.49831798278923 -0.17572028810614637 0.9832571214834968 0.04824731529411826 -5.645864468897015 0.0007868754160990142 -0.048869598745274245 0.99880482478338 0.6338647064079854
0.9828971387351819 0.18401743548705154 0.007133510496608387 86.64437539105478 -0.18413450389798508 0.9814597738849324 0.05320889731228547 -5.846048911487995 0.002790109990560809 -0.05361239433431399 0.9985578908230537 0.6383087819047705
0.9813810120618162 0.1918627087052933 0.008949806804466543 87.6935593370448 -0.1920584265623283 0.9797091179168992 0.05730266215546341 -6.037514183842481 0.0022260354477961373 -0.05795462608299524 0.9983167037302183 0.6583507013611971
0.9806468271967944 0.1956313624114547 0.007762681169709245 88.89533144838444 -0.19572529206180178 0.9785936938507943 0.06360803751091104 -6.2691916801802146 0.004847214809814865 -0.06389636847474145 0.9979447346768912 0.6600699530347138
0.9802509856382113 0.1975605357808487 0.008827724867888622 89.97631291351193 -0.19768697895828224 0.9777304865882588 0.07044816519572103 -6.479629721358305 0.005286640109676921 -0.07080200440091498 0.997476346824408 0.683626737013398
0.9795883627129833 0.20100866646938362 0.0014981690627000402 91.08293938309707 -0.20069705380313754 0.9775969054567268 0.0634426754588799 -6.7065204897223625 0.011287920298524006 -0.06244838007216344 0.9979843273051435 0.7058641246064741
0.980073384462565 0.19863555620475737 -0.0004071220500667849 92.33132517064826 -0.19820450688984492 0.9780774821469822 0.0638701996143888 -6.958982364352481 0.013085087552719801 -0.06251678464603684 0.997958098812902 0.73798026695137
0.980127004188004 0.19836457495559315 -0.0016247871180614859 93.45001153553922 -0.197784579316793 0.9778251067588644 0.06884265254697332 -7.19302438997704 0.01524469901078031 -0.06715317999934424 0.9976261746932311 0.7663488954954987
0.9790553712091914 0.20352130989466055 -0.005453933831429666 94.5006181775938 -0.2027652585118976 0.9771334743531339 0.06400322860907462 -7.405683153708766 0.01835523987529574 -0.06155683188435201 0.9979347556240764 0.7969055120473038
0.9776884794768037 0.20988156364087568 -0.008663441062323526 95.70690007712923 -0.20880098605447564 0.9755096153670033 0.06916016615370793 -7.649275546063534 0.022966711177391044 -0.06580815779457444 0.9975679181942358 0.8361221345590245
0.9769101521294913 0.21307722256564884 -0.015644192503509326 96.75016397404518 -0.2114992288552108 0.9748417935047455 0.07036720730077951 -7.873477763829027 0.030244258550086618 -0.0654336997127737 0.9973984412618946 0.8647559653750923
0.9773379904385721 0.21108716768665292 -0.015898080153407195 97.93871709465901 -0.20942708785517844 0.975122546565883 0.07263817236533061 -8.121867023145857 0.030835559213593447 -0.06766255179125322 0.9972316091250238 0.9284404631821174
0.97771466303426 0.20956049533527754 -0.012590685115589874 99.02006041209249 -0.20809104893872962 0.9753054630416977 0.07400918284785742 -8.35339998457999 0.02778916195145928 -0.06973984925739818 0.9971780436655203 0.9762523183520845
0.9787332129368129 0.20480641237991318 -0.011649901780517318 100.19572508729838 -0.20342985249242654 0.9763318960927948 0.07343237582950837 -8.594040570547929 0.02641358919828208 -0.06950076220101392 0.9972321200323152 1.017773757316707
0.9797941123289854 0.199689901656483 -0.011292895595161152 101.27007691827698 -0.19829000268138744 0.9772103321375954 0.07576959570536337 -8.801927394844808 0.026165954446231973 -0.07199933015507497 0.9970613692998749 1.0506566014742738
0.9801932992586808 0.1975329340583878 -0.014210028842691406 102.39098108296051 -0.19589649976306187 0.9776048638832409 0.07689786424615178 -9.02746092137848 0.029081650926253127 -0.07259107099193272 0.9969376755126927 1.096841083235571
0.9801755049107428 0.19766971419509544 -0.013518599485266144 103.52743247178803 -0.19586830434169605 0.9770045985951241 0.08424732465483915 -9.261555621194928 0.0298608752601535 -0.07992929293689649 0.9963531357527354 1.1544303933194577
0.9795541938557669 0.20059827464325863 -0.015297136293106087 104.70621097448067 -0.19833566480669906 0.9756482733236647 0.09366643400623954 -9.495164893815259 0.033713946197365036 -0.08871737404266486 0.995486078375674 1.2207330432962773
0.9803767867048908 0.19621561447884855 -0.018996778514378306 105.81982927796219 -0.1936109501317811 0.9765142019244867 0.09452408932150792 -9.715180594249283 0.03709772256900189 -0.08899123207791845 0.9953412753716441 1.2660873259369172
0.981237236228951 0.19227368099269077 -0.014297087267488753 106.98310934428434 -0.1901022006753325 0.9771924326543411 0.09463663611252797 -9.936606797235708 0.0321671365139437 -0.09014307688547213 0.9954091801280099 1.3300415788821462
0.9817349621581418 0.19008138314252013 -0.008100662196501919 107.97062145322232 -0.18861556144745165 0.9779739231703268 0.0893933197275417 -10.128553831470596 0.02491423941348147 -0.08623263006401279 0.9959634275673453 1.3741908823601197
0.983039024529063 0.1833931873397255 -0.0011419104028946919 108.98927839933883 -0.18258450189748726 0.9792516527213824 0.087915245222295 -10.32219851660381 0.017241272407054836 -0.0862156154089815 0.9961272715122503 1.4099948532845983
0.9835747958887817 0.1804739845582187 0.0031385759612831783 110.20746678762325 -0.18009300265439196 0.9800328795170411 0.08427369396004032 -10.53920112149506 0.012133299794346901 -0.0834547107466896 0.9964376694782726 1.4439086739835008
0.9842394238936177 0.17684102792308828 0.000310105963325911 111.24015055555907 -0.17623654114199744 0.9807271314275 0.08435025359476156 -10.730416192092695 0.014612454130357798 -0.08307549087144538 0.9964360861920653 1.4698769304381516
0.9860519242287582 0.16640895780529005 0.0031225559985388427 112.43119526802404 -0.16612865227991536 0.9829007295630511 0.0794192467182181 -10.928642646305446 0.010146909741104791 -0.07883024122734299 0.9968363798315896 1.4992620260061658
0.9870239013430034 0.16048106622832684 0.005452928470105141 113.64350213896 -0.16042501546076893 0.9840803898675553 0.07648261714756406 -11.116953720268947 0.0069078904413091636 -0.07636495162763832 0.9970559713865434 1.5203101752236776
0.98649455922332 0.1636929424670113 0.005761430232432882 114.80228447240779 -0.16365425131358066 0.9835868815783804 0.0759876466744241 -11.298874338875454 0.006771772757098294 -0.07590427693182386 0.9970920813556728 1.5400842937851902
0.9867415247427205 0.16222196213237736 0.005028639913203618 115.97274912300885 -0.16211687543635747 0.9836847438794553 0.07798995698660105 -11.49464109349139 0.007705085894524035 -0.07777115069419342 0.9969414298924806 1.5564398611436099
0.987313757970902 0.15877788226901382 0.0011028565574376257 117.1729907199041 -0.15834622304608928 0.9840680409957435 0.08084896023479014 -11.682575282926338 0.011751738917628747 -0.07999791799615642 0.9967257218581733 1.5833510723967963
0.9879051403579237 0.15489099095646172 0.007232111998621086 118.25968178953349 -0.1549705939331708 0.9846814508105415 0.07991586500099158 -11.86106110954638 0.005256919576079884 -0.08007005258145936 0.9967753439673243 1.6092938391457752
0.9872461694514847 0.15890976424334846 0.009632061074244693 119.49642628433256 -0.15915756031256292 0.9837462983045945 0.08313892951301292 -12.057330807254687 0.0037360819584724755 -0.08361159884363727 0.9964913833523172 1.6366165609851644
0.9869507113604586 0.16049867266185402 0.01298299995809638 120.71460949907676 -0.16102272031344841 0.9836102599014518 0.0811327935711839 -12.256068040289897 0.00025149266201366077 -0.08216462021491662 0.9966187068289377 1.63897509689252
0.9871652807157123 0.15929711193085103 0.011367829564306051 121.8745819695416 -0.15969258663489544 0.9838205590526214 0.08121191656679876 -12.44482154154784 0.0017529181659636875 -0.08198493644844353 0.9966319944384953 1.6504949850694066
0.9863950649897387 0.1636733535738563 0.015358970109382145 123.11377692547521 -0.164373848076034 0.9833733277904685 0.07718890005814014 -12.6487022078158 -0.00246983627370928 -0.07866335727818233 0.9968981447447431 1.6705165764409875
0.9858816560342387 0.16709625451986743 0.010783825372420182 124.2979936409482 -0.1674254381942366 0.9827713583441922 0.0782890151744669 -12.841232633435297 0.0024837652820386474 -0.07898918476749948 0.99687234612301 1.692066171419345
0.9861771498571648 0.16547570002164558 0.008515319782000885 125.40235153934378 -0.16562589835168287 0.9829850771798212 0.07942537296221959 -13.019056465414032 0.0047725355384910665 -0.07973783951689013 0.9968044114663203 1.6983734837806068
0.9855800349595085 0.16887930048973251 0.010576645231679359 126.47856276323867 -0.16917462578869766 0.9821651021398156 0.08204662187530123 -13.194785234892773 0.003467962980149461 -0.08265280634308178 0.9965723364118562 1.7083597724370874
0.9855488889465355 0.169245894396127 0.007021651896006471 127.64527585900474 -0.16923640264196824 0.9820269157346337 0.08355936109579279 -13.394654369245291 0.007246626091477082 -0.08354014842077405 0.9964780303032926 1.7313721299335334
0.9850863547957859 0.17185586387929191 0.008397887502069856 128.81919324639006 -0.1719548591371797 0.9815923497608017 0.08311423069119744 -13.590408374875102 0.006040364318789437 -0.08331874594864809 0.9965046088390386 1.7465747512948553
0.9846383340983993 0.17439849920811437 0.008520760936116123 129.87523441580524 -0.17448864345507292 0.981008382333003 0.08471279201397013 -13.76879708570772 0.006414844390285263 -0.08489823215430829 0.9963689451270178 1.7900556762553983
0.9842201123705138 0.17688879290601184 0.004605889563540579 131.00001581369352 -0.17664000876804145 0.9806330133900297 0.08460017958151862 -13.96657111209897 0.010448134494501568 -0.08407877642069259 0.9964043008268223 1.8189363781378016
0.9831846633200578 0.18247205626419247 0.007208006935772157 132.0974586297039 -0.18238603501415898 0.9792169359224973 0.0887102962884195 -14.152169694345085 0.009128946014649034 -0.08853323607345417 0.9960313565947752 1.8518631935786543
0.9838702061745527 0.17863326571357546 0.009469036465806189 133.26907502072382 -0.1787680630179973 0.9799478667709152 0.08800084141151907 -14.364085532259688 0.006440714100817673 -0.0882741607840565 0.9960753609063656 1.8797614813529242
0.9846413251805078 0.17414403525277833 0.012466138203029081 134.63074618282266 -0.1745645885137687 0.9807772350797842 0.08719638535789072 -14.600746250190532 0.0029582245972080076 -0.08803330422145263 0.9961131065898542 1.9118808235317584
0.9858072954125473 0.1674517873579577 0.011998503701241154 135.8368326611024 -0.16783486746219423 0.9813383854474315 0.09384253057428552 -14.813528386836712 0.003939505905729909 -0.09452441157017238 0.9955147165037472 1.9246753801784784
0.9851593720164931 0.17065935726920636 0.01834351039400506 137.0557373208483 -0.17164214111558118 0.979684430362311 0.10371780142358827 -15.019007541057338 -0.000270439219469531 -0.10532707577436623 0.9944375640714977 1.9464746448646222
0.9838741450663187 0.1771302932688505 0.02483172860588141 138.16777442032296 -0.1787541960840075 0.9785849311019036 0.10207085791670766 -15.220798730690905 -0.00622011501914344 -0.10486364605084839 0.994467124027273 1.9421942175555915
0.9843575029895104 0.17558768411600117 0.014469290379282747 139.40070749102466 -0.17613341409769087 0.978811858700064 0.1044239232150701 -15.444299620741576 0.004172840496126462 -0.10533899008412806 0.9944275838065105 1.9451746066767548
0.9846456149218995 0.174338292593336 0.008902899514164397 140.63274596967406 -0.17421784951310815 0.9781891347492518 0.11311121784663053 -15.66290503121845 0.011010895190601498 -0.11292550037324506 0.993542412993808 1.9614883836922936
0.9856890635313386 0.1680381363070343 0.013429208845489723 141.804150235516 -0.16845719335182296 0.9789124327205486 0.11555350754682295 -15.87772955280223 0.006271375064263271 -0.11616206694733765 0.9932104404013935 1.98653546661515
0.9866332149957925 0.16258713822265466 0.01097316821516087 143.09955888921314 -0.16275620894749432 0.979838966052381 0.11587064808505394 -16.08772402617756 0.00808713766089035 -0.11610777277553234 0.9932036639937267 2.0091399479570926
0.9861940401136886 0.16493490775425398 0.014760769538903887 144.26764806555744 -0.165524101199011 0.9792617962050112 0.1168250677243726 -16.278236814898946 0.00481387269471725 -0.11765544000053818 0.9930427779974855 2.0375930663656465
0.9857999952959186 0.1675240185917141 0.0115828035679817 145.36963613080536 -0.167745454433969 0.9792270881422784 0.1139112040070913 -16.46337339538781 0.007740666054605555 -0.1142366186352275 0.9934233799930547 2.0641883621740837
0.9852274471876744 0.17095796409579503 0.010017019982180747 146.6326616230295 -0.17095515223588703 0.9784026403475689 0.11620068553205655 -16.674712967575793 0.010064752065352954 -0.11619655741949816 0.9931752089509306 2.1003782279147205
0.9847986556555246 0.17311881436790494 0.014197633604470728 147.88268667115776 -0.17359280842020083 0.9780264704419623 0.11545453656238082 -16.893376541737265 0.006101689524464273 -0.11616407096618613 0.993211262957944 2.124104751316944
0.9849409469308777 0.17276333016481007 0.006652193496525312 149.13402786828084 -0.17238216472025317 0.9783622088465863 0.11441926245347621 -17.105689650062303 0.01325919610251477 -0.11384292786972967 0.9934102457483348 2.1623981741197356
0.9844174990648695 0.1755948606100301 0.009419200138876857 150.49434098457246 -0.17543947830825884 0.9770784931767181 0.12057610731670328 -17.347836422483997 0.011969244979940124 -0.12034972075136431 0.9926593659230154 2.1888209095821596
0.9841189265156802 0.17698559316799173 0.013642842579312399 151.7769055107388 -0.1773027472013547 0.9763404240235454 0.12378651899776996 -17.57015333596563 0.008588370126797463 -0.12423956056486525 0.992215050457419 2.2213958667311293
0.9844444134504923 0.1753990274500127 0.01022090332359433 152.95916755395316 -0.175232512701122 0.9759561885992478 0.12962667341442352 -17.775090412319027 0.012761236641125233 -0.1294012795780005 0.9915101585702335 2.2556028105664443
0.9847702131075864 0.1736484052977058 0.008599278030559066 154.12241001924662 -0.17321738734329412 0.975670245848613 0.1343997697947407 -17.977014455373805 0.01494824387427378 -0.13384242462391127 0.990889847682815 2.2866199071154805
0.9849189129145697 0.17275556100253997 0.0095047353947587 155.33840343894406 -0.17242738945982156 0.9755504557035944 0.13627213131740806 -18.19574681870779 0.014269417485289955 -0.13585586621150708 0.9906258134157195 2.3073657015426923
0.9848051078043468 0.1731731419812385 0.01304037606278962 156.53202532108213 -0.17328034353894878 0.9748736676192487 0.13998301596560636 -18.399199302256374 0.011528577592766388 -0.14011561972887224 0.9900679976000063 2.3379185179983937
0.9842604343741794 0.1755411671826241 0.020415308441411352 157.77062355213738 -0.17665991470089223 0.9741962019859101 0.14047428450542127 -18.62546548910426 0.004770502534811774 -0.14186983656585098 0.9898737932905126 2.3718797985431084
0.9857145411256106 0.16734539367374612 0.019038159016825297 158.98505321440567 -0.16835927835034614 0.9758617436178597 0.1391006857268148 -18.84643119196005 0.004699246585843486 -0.14031880904995203 0.9900951892486565 2.3862853735197875
0.9847418425756379 0.1727663843727931 0.020865492578270896 160.2214987364409 -0.17398638425183247 0.9750195197844571 0.1380784710498675 -19.05135689662845 0.00351105435997402 -0.1396019494035897 0.9902014457094087 2.394812202392013
0.9849766392781998 0.17183864254772702 0.017105258624801944 161.40999311367602 -0.17250941699589964 0.9746175199233736 0.14269260996756564 -19.262133238191474 0.007849018058408274 -0.1434996951197079 0.9896192021586252 2.418395240079536
0.9842738012378489 0.1757947481613119 0.017360287576546014 162.52024669122204 -0.1764771792951173 0.974207536208788 0.1406252879650417 -19.45480607670055 0.007808662495927052 -0.14147747097957633 0.9899106448868261 2.443136650576067
0.9831043192109994 0.18209973406095897 0.01859229067783674 163.77629353841235 -0.1828790622866147 0.9727837388224152 0.14229208021903636 -19.679920187902024 0.007825070326677062 -0.14328808887491343 0.9896500526579896 2.4674358003546906
0.9824996616581227 0.18536481418882017 0.0182863165088674 164.83855541641884 -0.1860917046212879 0.9726169070275836 0.13923440547669708 -19.871945230709912 0.008023577479999093 -0.14020067784519297 0.9900905650500741 2.4793066432449518
0.9822361806607703 0.1873416111614843 0.010737550810377975 166.08684298028209 -0.18697713679422182 0.9722772885194513 0.1404151508160988 -20.115039842380394 0.01586572161720505 -0.13992850773568527 0.990034457211179 2.503492826491128
0.9814162951165593 0.19096618070895893 0.01881654522391074 167.44242820023112 -0.1916813038130889 0.971036770524025 0.14263890805805904 -20.36677584497096 0.00896764850082249 -0.14359491813202155 0.9895958850116688 2.542048324335097
0.9805027379867872 0.19524389645706366 0.02223264639490012 168.74079023738676 -0.19638561582079575 0.9696581618743358 0.1455875305181744 -20.61569817891353 0.006867008162797514 -0.14711513351901484 0.989095504263152 2.580987767173392
0.980853864275489 0.19353776715841509 0.021654525813766517 170.07685217823402 -0.19463090586497336 0.9703852220524278 0.1430780253485815 -20.886827665562635 0.006677768194781177 -0.14455326348945852 0.9894744545926834 2.609462969423479
0.9811617574703474 0.19139533567730535 0.026258713367456103 171.44800600992107 -0.19317730650092513 0.9705558118408224 0.1438886179941235 -21.157815261227697 0.002054062283667212 -0.14625058616536044 0.9892454102695788 2.621594206049931
0.981000640972269 0.19213651272326615 0.02685873711816731 172.77129185055924 -0.19399266577677846 0.9699508731855186 0.14684052323755242 -21.411093275140214 0.002161769345812847 -0.14926103454758483 0.9887954314134366 2.646318681153686
0.9804888238417403 0.19467053037650395 0.027297248825010504 173.98473088562437 -0.19656119050008033 0.9692716386110504 0.14790598029373056 -21.648531996709107 0.002334485323575519 -0.1503857294234173 0.9886246089538056 2.6577007190849127
0.9805561865980704 0.19309410257244652 0.034990303585918626 175.170542854166 -0.19619006256663196 0.968575545508182 0.1528753152959545 -21.88845843651988 -0.00437143129553842 -0.1567675746200165 0.9876258162893425 2.668638488157749
0.9808005128354976 0.1920809238064581 0.033695127248990875 176.36607419905363 -0.19496913903455884 0.9695308210903645 0.14831389622410823 -22.123479390745047 -0.004180194926867317 -0.15203584434477016 0.9883661077099672 2.6851753536573435
0.9798974462349661 0.19639122511419452 0.03509373775163492 177.62745252111435 -0.19943290868485083 0.9689150517798246 0.14639032550414238 -22.37662248047802 -0.00525307602194323 -0.15044634134854665 0.9886041869384069 2.676309129590802
0.9798430624963164 0.197215823546417 0.03183678202632283 178.92817815493495 -0.1997615558025906 0.9686606342416002 0.1476207523595467 -22.63238009302687 -0.001725890136572933 -0.15100492418709072 0.9885314709403499 2.683738303347121
0.9807023073526361 0.19367894487474585 0.02667469839499713 180.0537263005011 -0.1954911553735396 0.9697029567810008 0.14649018333701486 -22.841328416828546 0.0025055290183070866 -0.14887791755869814 0.9888523766734487 2.6916207291981586
0.9818403772061507 0.18846333456655862 0.021705623252514388 181.28017935227814 -0.18962035117055143 0.9714358797332101 0.14267601067499092 -23.06607918100906 0.005803574058261097 -0.14420088552109106 0.9895313830334477 2.7104003293109304
0.9819741981431912 0.1865331314639932 0.030531195789163683 182.4357079206515 -0.18900006207913225 0.971047967293793 0.14609863716642243 -23.288783986202066 -0.002395020183053987 -0.14923547909461155 0.9887987512748633 2.7234911787182523
0.9824864617396187 0.1844021620910733 0.026763482276136463 183.56475030502807 -0.18630590635517658 0.9696481592292929 0.1583431292908812 -23.498546543115463 0.0032476527976828774 -0.1605561639573013 0.9870213299780436 2.735267569133234
0.9825781062478932 0.18435973310880288 0.023491334559742078 184.68686724495655 -0.1857242662459186 0.9693809754548053 0.16064560805361028 -23.702378112304302 0.0068445270844674985 -0.1622097563904088 0.9867325282191514 2.7597506584418956
0.9821460327686015 0.1871990954608648 0.018594564920266444 185.78188874311286 -0.18766893907342083 0.9681480926648064 0.16573964525653656 -23.913737857291245 0.013024017136143339 -0.16627014522091524 0.9859941930107181 2.7766337792892593
0.9816947936064896 0.18953093081734104 0.01880019517097424 186.86229599196662 -0.18991415753381613 0.9666202961824353 0.1719819926899624 -24.10673978354448 0.014423254856426438 -0.172404237494844 0.9849206483154732 2.813658909444095
0.9814395365422734 0.1912133649268787 0.014627851997829084 188.00152901816904 -0.1908664935192574 0.966555325799459 0.17129148797757945 -24.320097289185863 0.018614591166630206 -0.1709041929522924 0.9851117645688884 2.8481703634555453
0.9813357975794139 0.19170768447253878 0.01510976414095702 189.2209875768856 -0.19137646941255396 0.9658918587862966 0.17443610325487968 -24.550525597279915 0.0188463408753301 -0.1740720331611902 0.9845525265681586 2.8854082032837662
0.9821232501545213 0.18733192912810193 0.018459650703787175 190.3854405485958 -0.1876568087748752 0.9666570815810468 0.1742383390154181 -24.770896731356174 0.014796249995501935 -0.1745875902477518 0.9845304358843144 2.9381043516803897
0.9814555390349025 0.19091852360251094 0.017182290656051452 191.60685753027013 -0.1908690372268398 0.9650299957162929 0.1796833549027827 -24.984393917576572 0.01772345264055487 -0.1796307781477177 0.983574398626534 2.973616147708472
0.9806529264221928 0.1947412270242128 0.019894252077823638 192.80785043690076 -0.19508430980694097 0.9638302808687103 0.18158549441214009 -25.223201565027097 0.016187497218561095 -0.18195338969487554 0.983173872607154 2.998901241637424
0.9802845944328992 0.1957553839219706 0.026870661549937173 194.0047847207188 -0.19732329093078857 0.9627854735048896 0.18468254085705532 -25.46071020416187 0.010281917305127385 -0.18634364348265492 0.9824307932751011 3.0291339423154744
