1.0000000000000002 0.0 0.0 0.0 2.168404344971009e-19 1.0000000000000002 9.791700870259712e-19 8.673617379884035e-19 -8.673617379884035e-19 1.6601845766184287e-19 1.0000000000000002 0.0
0.9999997969619202 -0.000690588364242978 -0.00013428652792525989 1.1991661431071223 0.0006906840629735877 0.9999995005579567 0.0007154527024768169 0.011448842777928406 0.00013379137455555787 -0.0007155449211008535 0.9999997024801234 0.020477394588076153
0.9999992944706411 -0.00121983370863981 0.00010923820548987344 2.430409569181368 0.0012190153426648166 0.999973331188765 0.007200065697368501 0.0036874688534058323 -0.00011801915975700615 -0.007199926601272355 0.9999740406597641 0.03253219546947107
0.999996302645982 -0.0018134063754908195 0.002048199386040621 3.7792388121804894 0.001806317915241595 0.9999923872656525 0.003457261855600271 0.01091618115230286 -0.0020544540593534404 -0.0034535487896572166 0.9999918935092809 0.04132977849376018
0.9999814981911939 0.0017405120908272358 0.0058363312105520915 4.873844733083087 -0.0017723768124005364 0.9999835239724537 0.005458983172327688 0.005056724289350118 -0.005826734199307391 -0.005469225623762581 0.999968035291453 0.05121915831512514
0.9999406519468481 0.010895854366780817 0.00024861772355003545 6.125730059247762 -0.010897075095332692 0.9999249560948354 0.005596960453320322 0.002426310346062711 -0.0001876163839569468 -0.00559933676475387 0.9999842734227818 0.053533873932055824
0.9998290110716002 0.018493966664212488 0.00010337142413431518 7.284848799969468 -0.01849422258169041 0.9998220366383139 0.0037213998335158685 -0.013479085247509171 -3.453058043814897e-05 -0.0037226747063474914 0.9999930376585986 0.06671546046021126
0.9999094352868434 0.013388038050889128 -0.0014037558676652535 8.50008766568484 -0.013377823409891503 0.99988565873081 0.007049350216543469 -0.030760032477900802 0.0014979712235331376 -0.007029931769651222 0.9999741351687699 0.08209860040427883
0.9999449794545914 0.01041954892347812 -0.0012489727099442077 9.825104067243686 -0.010411044194759576 0.9999238023473168 0.006632472485164702 -0.06008780237578542 0.0013179838207769642 -0.006619103653051272 0.9999771923651459 0.09103000937512451
0.9999378666837154 0.011096892440932628 0.0011002814260928986 11.088815069601969 -0.011103295902604789 0.9999203758971191 0.0059957250663073385 -0.058062855307399346 -0.0010336608237880446 -0.006007568527212937 0.9999813875921362 0.10186800541639676
0.9999247032659239 0.012079166550664733 0.002184125233906176 12.165114592127809 -0.012092931744108982 0.9999063705374708 0.006403217443004989 -0.07720588219814647 -0.0021065760513101243 -0.006429146994574755 0.9999770813730002 0.11605406620464166
0.9999340772890725 0.010497253465204508 0.004662361502539641 13.278343408863028 -0.010545338019683761 0.9998901877918008 0.010411447398695563 -0.09469557882120716 -0.0045525585852107045 -0.010459926149571652 0.9999348973909629 0.12529953757636578
0.9999482384002868 0.009335499811180092 0.0040568254190226465 14.456597894662096 -0.009376340228820884 0.9999043431773814 0.010167535204295407 -0.101405706600682 -0.003961519044370223 -0.01020504603268192 0.9999400473365058 0.12857622351214593
0.9999342855184535 0.01029482895642377 0.005052723077664228 15.550353793432054 -0.01035766160095671 0.9998673309998813 0.012570969673883494 -0.10662899447841595 -0.004922637397788504 -0.012622476742692252 0.9999081835783382 0.1472206496821345
0.9999156741741821 0.012516304261587879 0.003474987404876925 16.70959099048412 -0.012557111433244764 0.9998493723901697 0.011980881296663198 -0.10947341132700888 -0.003324508378460809 -0.012023505616137905 0.9999221558810174 0.14529952405664404
0.9999328839278214 0.011445168070739213 0.0018233586220143194 17.914122575160906 -0.01146867425309296 0.9998437645043455 0.013450134789761889 -0.11415801285329484 -0.0016691355725670333 -0.01347014228349171 0.9999078478131392 0.16472698415812986
0.9998758171351172 0.015586772073799882 0.0023434405780900654 19.223160644922903 -0.01562765345779751 0.9997052869112086 0.018577023507241042 -0.12799079095662141 -0.002053194955066325 -0.01861133737825839 0.9998246533150053 0.1638017815119817
0.9998720594253663 0.015004035036795248 -0.0055527094407653976 20.41578274609995 -0.014876036171108008 0.9996380353973413 0.022416328155775517 -0.146389022246796 0.005887033507150157 -0.02233085596471456 0.9997332697141623 0.18046119686990525
0.9998378657793322 0.016635346937165323 -0.006899003924656389 21.577807456850895 -0.016473639848794866 0.9996027421928176 0.02286847226946379 -0.15852664602348204 0.007276686688636949 -0.02275111084626369 0.9997146451118427 0.20157271497516
0.9999157631695399 0.011758804526048784 -0.005503267232919668 22.813613209739636 -0.011563132636037728 0.9993436459078643 0.03433018177094423 -0.17449559285461297 0.005903335615232326 -0.03426365210712004 0.9993953610248035 0.23695742113224377
0.9999836729863781 0.005693555513446748 0.0005710125476234128 24.013793965335697 -0.005709074458730459 0.9994580979726666 0.032417694225404005 -0.1828145400104613 -0.00038613214073966555 -0.032420422231925546 0.9994742127685311 0.27904407808616877
0.999968784347714 0.007056960900935159 -0.00356630089018774 25.148151137872098 -0.006926579724178726 0.9993514593728919 0.03533656994960691 -0.1810225827176897 0.003813355521183251 -0.03531076175882754 0.999369072609655 0.2875727317894096
0.9999262732133719 0.011792479782948102 -0.002911086949468832 26.40101041380101 -0.011671559734452597 0.9991886307910461 0.038546657760270796 -0.18446483744538236 0.0033632844258689 -0.03850983581893994 0.999252528507219 0.3121015871771862
0.9998552045630718 0.01533297434180972 -0.0073863844344100715 27.625638112377032 -0.015103554547900994 0.999430544448406 0.03017382138194441 -0.20154874771926495 0.007844831082379988 -0.030057889207315405 0.9995173419139316 0.33946242864898923
0.9998887306886064 0.011958076861310608 -0.008922976451183694 28.714707143166514 -0.011702615605050534 0.9995351281439274 0.02815255632284588 -0.21509485756261223 0.00925547717896667 -0.02804499930264485 0.9995637793664324 0.36721292950694834
0.999857572005113 0.011451914289976411 -0.012400735146634612 29.87924384456071 -0.011038708281412235 0.9993979486448693 0.03289190169499051 -0.22803175022994587 0.012769942589482263 -0.032750326189113076 0.9993819487892351 0.40112500516656713
0.999843376644675 0.013686710965780193 -0.011224303620065173 30.937185882528482 -0.013259508285575717 0.999216502712007 0.03729016198970713 -0.2401480646932257 0.011725887235306416 -0.03713548973852089 0.999241409187703 0.42636520377574116
0.9998742193271077 0.014309292998220322 -0.006846789608249499 32.00508124568982 -0.014037610014217173 0.9991712653020899 0.038206257771695604 -0.2614666119386434 0.0073878184427511534 -0.038105336537256305 0.9992463851978853 0.4591519208797503
0.9999058406681494 0.012583949361970244 -0.005481139043930757 33.08525663932908 -0.012375426336433919 0.9992553127809009 0.036546665174037866 -0.2741755218723684 0.005936957268448065 -0.036475389584371944 0.9993168833548557 0.4868254464205757
0.9998981448448612 0.009930993352530311 -0.010254958599589338 34.26770028856415 -0.009509705805799283 0.999140606430991 0.04034357581333762 -0.27891451062687167 0.01064679557391557 -0.040241941751358104 0.9991332077021005 0.5121579647185822
0.9999208771003717 0.009297684684395997 -0.008478293895291861 35.48086299353838 -0.008983350783554896 0.9992973391962807 0.036388422844923086 -0.2864805416626982 0.008810662981230084 -0.03630937726035015 0.9993017243084281 0.5499751317561123
0.9998751113591416 0.014028674876389239 -0.007283325806172955 36.78803571598347 -0.013773005444433014 0.9993255423895128 0.034040485926931166 -0.29781727405031355 0.007755954864729788 -0.03393591860761499 0.9993938830398126 0.5691299456693082
0.99983210405403 0.017666078934563675 -0.004874651475886947 37.93503367715447 -0.017465149231184772 0.999103220562255 0.03857088614058906 -0.30662430436761434 0.005551674908746928 -0.038479270642866825 0.9992439439403681 0.5912273291540222
0.999785879935786 0.020449192188073895 -0.0031802026545033482 39.03571986070461 -0.02028702551973093 0.9987976857515412 0.04462745305454022 -0.3233711999054888 0.00408897312129613 -0.04455337704760461 0.9989986044822426 0.6205924357792753
0.9997372865542351 0.022846808537734187 -0.0018628155726478411 40.06997270039703 -0.022731953479799484 0.9986021300654911 0.04771827902244725 -0.35251939318607506 0.0029504207699520483 -0.047663393609056706 0.9988590645291002 0.6256180384809573
0.9995355705841246 0.03047344310563518 -0.0003182316739987058 41.255037052712346 -0.03041478860378224 0.9981595574935437 0.05246359167735688 -0.39268935356113854 0.0019163911217148187 -0.0524295430145578 0.9986227542617653 0.6529811139973072
0.9995208387069662 0.030691393512232885 0.0040274339028901806 42.370797467579074 -0.030866489824825816 0.9980115143718655 0.05495695606816297 -0.4135449557640827 -0.0023327206789356967 -0.055054931302334985 0.9984805695748566 0.6838315369310743
0.9993886884962512 0.03496192958473562 4.0675512536740045e-05 43.492221532386985 -0.03491473191849838 0.9979777384694923 0.05311671156599528 -0.44510777750550723 0.0018164683380908673 -0.05308565676258751 0.9985882776970008 0.6968602311154088
0.9991851067760387 0.040248743437691345 -0.0030413677326815306 44.56348884807785 -0.04003366172421845 0.9978159370190549 0.0525419051133922 -0.48131392790000116 0.00514946947565908 -0.05237732791906984 0.9986140562545565 0.7155943621052607
0.9992024732580554 0.039682338833331006 -0.004451773662707387 45.74944634976175 -0.039367257622825974 0.9976197905142277 0.0566123894109322 -0.522769855300355 0.0066876880400180624 -0.05639198104128381 0.9983862750298202 0.7281480836331748
0.9989430461115315 0.04573166559258972 -0.004636189877970944 46.93793140730383 -0.045405514174968645 0.9974326272975121 0.05537583695166642 -0.562298554004198 0.007156714784925739 -0.055106794404371925 0.9984547849096435 0.7493410734554597
0.9990948192435742 0.0423008459039526 -0.0045021623140900115 48.043669850436345 -0.04196511814029578 0.9974002165591416 0.05858094315096903 -0.6120864041864992 0.006968479607655666 -0.05833897854308327 0.9982724772022458 0.7712735562816863
0.9989894187728667 0.0438654028116828 -0.0098008410384689 49.211782812006106 -0.04317905014555886 0.9971567793028231 0.061756919872649856 -0.6511720713850178 0.01248196534508798 -0.06127131378051057 0.998043065961452 0.7899812312724388
0.9991958420399281 0.038640368882357154 -0.010708875374983412 50.34617113463685 -0.037865280401931385 0.9971667022673028 0.06499829584415452 -0.701248403789978 0.013190090115461885 -0.06454052743605644 0.997827879298841 0.8171645048799046
0.9991494650222291 0.04069717355208968 -0.006646463699355667 51.54212063337702 -0.04012989934499522 0.9967138652085492 0.07036371304019838 -0.7525559353370823 0.009488225075669088 -0.07003713898593195 0.9974992268731738 0.8407331035297
0.999045097040778 0.042722546626055645 -0.009152429055117865 52.60281736869195 -0.04188534396079549 0.9961009764841311 0.07764311071727575 -0.8026012160786636 0.012433853034743304 -0.07718561059352728 0.9969391735111103 0.8473868482152712
0.9990482100758618 0.043342237701558 -0.004920695507769032 53.85162203729166 -0.042745614154099186 0.9952395150770509 0.08758487388239118 -0.8525733297303638 0.00869339340088611 -0.08729116675498186 0.9961448749969715 0.8854320283963565
0.9986805925400776 0.05013016488038375 -0.011141342913080329 55.00051890250147 -0.04891381703242084 0.9946560417958665 0.0909218733611851 -0.89915326828264 0.015639730410107917 -0.09025693797240829 0.99579567123258 0.9111977447644674
0.9987520762638585 0.04914005909507224 -0.008923767130872558 56.07588302509706 -0.04816442571249545 0.9949383301846092 0.08819238775799235 -0.948454594418307 0.013212375154366997 -0.08765251566935259 0.9960634540553202 0.9355169883408603
0.9989839709971104 0.04455856514629158 -0.006756391935760895 57.29068295642237 -0.043810371525397775 0.9953018009102764 0.08634214778875819 -1.0025306226418724 0.010571929509874445 -0.0859584151433306 0.9962426009951018 0.9560338286002682
0.9989616416189392 0.0450420218554139 -0.006851548015735444 58.496860749341096 -0.04429316142320357 0.9953552058155158 0.08547584536170892 -1.046155969706752 0.010669727104507103 -0.08508360766427897 0.9963166522222474 0.9949911878631412
0.9989579244232316 0.04529605340585579 -0.0056055014873225345 59.80124769827224 -0.0446402420112849 0.995229768013879 0.08674645632775546 -1.092499568346965 0.009508032371229613 -0.08640582251156595 0.9962146184540397 1.0185940076410365
0.9991475445662459 0.04128093965820617 0.0003963296844608048 61.07602940292294 -0.04115602308738384 0.9952803781017706 0.08788140168679595 -1.1471282698406657 0.0032333664425837592 -0.08782279144630116 0.9961308335299275 1.0418232676633734
0.9989676634778335 0.04526980939113177 -0.003786892178293056 62.33339962266059 -0.04472380717243354 0.9946809200003236 0.09278813767137192 -1.196107647412172 0.007967249120724622 -0.09252297790238256 0.9956786411119424 1.0466409943054518
0.9988643183383926 0.047425019142195726 -0.004585845481699736 63.680959704678386 -0.04679684642073437 0.9945956215835932 0.09268006649236439 -1.259207577326782 0.008956414111767877 -0.09236020139754629 0.9956853472403135 1.078663216819935
0.9987211819284912 0.05019545683749361 -0.0060419987813723226 64.95829258909353 -0.04943751642325609 0.9946106146382738 0.09113532384308676 -1.3117492775833728 0.010584013564875342 -0.09072007011469783 0.9958201556507296 1.109038974762368
0.9988695714059805 0.047534874016075195 -0.0003223981230970202 66.18287524407751 -0.04730680976191527 0.9946965784397178 0.0913278304991253 -1.3700320993772879 0.004661943882894023 -0.091209332428192 0.9958207965403397 1.140645470173455
0.998916465127985 0.046504068018171946 -0.0018319997307224736 67.33861978235502 -0.046141422530131516 0.9947325953656724 0.09153154034090234 -1.416248491185867 0.0060789373789808775 -0.09134782478716277 0.9958004600782211 1.1560429240695844
0.999033596007345 0.0439332025017151 -0.0013552253012282802 68.53842622411199 -0.043601211193564575 0.9944407700665502 0.09584612274427022 -1.458076486101393 0.005558517004214749 -0.09569440002426391 0.9953952077228977 1.1810537374221162
0.998741069600168 0.04965630794260241 -0.007114481320703966 69.68612576758281 -0.048695222276593786 0.9937715967735047 0.10023362114021779 -1.4973371556292434 0.012047399143623048 -0.0997609852714924 0.9949384608389283 1.206890215109223
0.9985706568508823 0.0534019448594521 -0.0022281002370178387 70.89897541733814 -0.05292133263947144 0.9937038650247685 0.09875196818143779 -1.549782868042276 0.00748761742771504 -0.0984928963268363 0.9951095516692661 1.2273020976452163
0.9983741106028667 0.056454276516793224 -0.007882817385978208 71.94730028616878 -0.055415943208016766 0.9936643082862933 0.09777681580772059 -1.6004060649591298 0.013352791709627762 -0.09718100048493757 0.9951771153735934 1.2586749005935793
0.998482696835342 0.05484792772585978 -0.00490895239758655 73.01955137125745 -0.05408045896633233 0.9934873610269015 0.10029036579354188 -1.6572550385572489 0.010377699140030627 -0.09987270903594782 0.9949460689984057 1.2816295566174187
0.9984804908174105 0.054888566080564666 -0.00490343141918049 74.14534841556036 -0.05413702209747938 0.9936345191419573 0.09879076495886006 -1.723040286482805 0.010294700399399137 -0.09837518694761174 0.9950961142531457 1.3006158207520473
0.9984431794241283 0.055233049951054734 -0.007785661409447987 75.38018651307314 -0.054151611816374824 0.9932936601220534 0.10215330504800849 -1.7825317018542073 0.013375684744849792 -0.10157265697497217 0.9947381671966004 1.3294380007450466
0.9978390355736891 0.06450376971469382 -0.012514457519373287 76.4480091790466 -0.06284924886788121 0.9925305491683506 0.10456132610828762 -1.8328216489021936 0.01916557870192551 -0.10354884082279565 0.9944396678644091 1.3537312522580134
0.9978137326553058 0.06527925207655913 -0.010318092936742199 77.66423592732627 -0.06376210004865408 0.9919361552391533 0.1095310392535375 -1.9110289342488227 0.017384991493993633 -0.10863366375548751 0.9939297882822579 1.4036237143958274
0.9976676050876688 0.06503711947930686 -0.020727076916679462 78.82203406183058 -0.06223995231883642 0.9914125159763155 0.11501044097850004 -1.979433039684747 0.028029028235452287 -0.11345213049545283 0.9931479862171696 1.4253551268263012
0.9974217400300179 0.06817456965253191 -0.022409583602191536 79.9434177325108 -0.0652845541037909 0.9916617297148557 0.1111077443188276 -2.0567905265459956 0.02979744593237458 -0.10935827185740196 0.9935556428591557 1.4650933653229101
0.9972870669529217 0.06927598981486671 -0.0248883947382957 81.0795715967405 -0.06625074320753101 0.9920788411612798 0.10672582619848993 -2.1363456130517267 0.03208478373535945 -0.10478740372033502 0.9939769119749247 1.5172384202763085
0.9972218327768833 0.07207703613376815 -0.018804413426786286 82.16700928703295 -0.06965086919313176 0.9917441998619857 0.10766702602913787 -2.205972037002212 0.02640948515731463 -0.10605815738931752 0.99400912531521 1.5676047243841758
0.9971569644429609 0.07072380087962471 -0.026004251980768518 83.29737284816949 -0.06751013908882234 0.9917874983095626 0.10862747971979829 -2.2746689312813078 0.03347323683920795 -0.10656308932938428 0.9937423133152199 1.6181344764942802
0.996831782107571 0.07465098624400567 -0.027453912327423714 84.27421603403997 -0.07111114426226775 0.9910644569933063 0.1128469639799059 -2.337344002077941 0.035632730288491905 -0.11053715287239929 0.9932329944338599 1.6738429614514327
0.9961290138839052 0.08303642568839675 -0.028844905557385253 85.30691815179102 -0.07926949031282321 0.9903697687216747 0.11350796950403994 -2.4224454117167573 0.03799241476809589 -0.11078205254225408 0.9931182447823698 1.7109532097072457
0.9953984246329936 0.09144164345921751 -0.028644213179492284 86.30936499013785 -0.08733116792126659 0.9887340378069033 0.12156586537664577 -2.5004223368847085 0.03943768721696143 -0.11850492952050061 0.9921699377482261 1.7648849234445232
0.9947847785024818 0.09861334173911113 -0.02605268047348888 87.41991350209312 -0.09476663632405231 0.9880642360265931 0.12144274436218026 -2.5999511852191617 0.03771759294363287 -0.11834045990115272 0.9922564454806644 1.8190347181260276
0.9945521079644776 0.10113418614430986 -0.025260043653611605 88.5721205904012 -0.09722937586991237 0.9873784465187396 0.12502096564735057 -2.712851989754599 0.03758511254599706 -0.12188383763876938 0.9918324577782034 1.8806497648448322
0.9940340764014689 0.10518015087958217 -0.02887004819301502 89.59045569489865 -0.10103083482975234 0.9876620150604787 0.11965159611758842 -2.8144759949344165 0.04109881892460986 -0.11602099018568252 0.9923960659859232 1.929156131634607
0.9937005663310045 0.10773073684618764 -0.030876555524517894 90.60402217843455 -0.10334644395120131 0.9874612727693739 0.11933037055392844 -2.912925006283901 0.04334494742144687 -0.11538766605270825 0.9923743431391915 1.990915407976082
0.993466396466784 0.10989025803377188 -0.030801609529595517 91.69530686035115 -0.10546593186249281 0.9871400813920704 0.12013070780962305 -3.0196768008713435 0.043606693654275 -0.11609729235957511 0.9922801065426629 2.0571304505403476
0.9934330891681549 0.11022948996904773 -0.030663427010370267 92.76700463629668 -0.10610918169344864 0.9878604727983191 0.11345711910777762 -3.1368090113291105 0.042797503772028456 -0.1094583770724422 0.9930695706870446 2.1221616520011093
0.9932301343915664 0.11298153159917364 -0.027003009518499828 93.853880388489 -0.10907450564149986 0.9870318078584167 0.11777500807903317 -3.2509253289951485 0.039959226198498336 -0.11403233875891368 0.992673068448918 2.181656332150393
0.9937331668197402 0.10867009584681939 -0.026178088167279037 94.95444628282891 -0.10468249172252914 0.9868798163476263 0.12292190222107074 -3.3746416806572777 0.03919255789403377 -0.11941117484682962 0.9920709901979916 2.249198874530967
0.9934097942592575 0.11056115759606121 -0.030220853228176428 95.98671898389536 -0.10598905066225416 0.9864846344936206 0.1249575010990145 -3.47238466305878 0.04362784915830349 -0.1209309169856875 0.9917016985766546 2.3073495206609462
0.994099193125799 0.10379677001367102 -0.03151370543755429 97.1033466119437 -0.09910853406867859 0.9871810680154529 0.12510406651998035 -3.5943339327569914 0.04409512721487767 -0.12124256547750518 0.991642977556609 2.3662940533966514
0.99379162741453 0.1061087768162879 -0.0334547101672037 98.26577321703132 -0.1010500729436618 0.9866584969446752 0.12764749585543456 -3.7121335955289663 0.04655288932438785 -0.12347440262281895 0.9912551817052409 2.433060646866943
0.9930569789965238 0.11166213462469907 -0.03700666191908718 99.27836282105325 -0.10598183194906204 0.9857738070196637 0.13045245388220075 -3.802465010809446 0.05104679277423805 -0.1256246766653523 0.9907636450865516 2.49689339638691
0.9936092232518771 0.10764574667417083 -0.03395870375621096 100.36951875003865 -0.10214816576599485 0.9855317976811495 0.1352509446296504 -3.9314343095316313 0.04802656680272126 -0.13091775708686665 0.9902292283231638 2.559719796035382
0.9940903189769361 0.10439463923135275 -0.029770553994335845 101.48173595700756 -0.09947422421115681 0.9858055045513748 0.13524931033837442 -4.033560883738436 0.043467274808887055 -0.13148861759813307 0.9903642129680481 2.627244291608682
0.9943484632256484 0.10317286913792463 -0.025031612486621842 102.5318403288642 -0.09883092915308436 0.9856693655568501 0.13670530084346552 -4.1309558710350025 0.03877716789933304 -0.1334587984505596 0.9902954181610862 2.6775128992887733
0.9941273021757359 0.1055321597686754 -0.023957445447963223 103.7616621720314 -0.10136438805532379 0.9855967704058822 0.13536711946729252 -4.242932952974029 0.037897961588825586 -0.13214370774151035 0.990505789925904 2.7497494097169004
0.994488892277601 0.1002742890197451 -0.03061043885825815 104.81928399622034 -0.09515602404308221 0.9858517662334465 0.1379913625409726 -4.334628228211351 0.04401433679356491 -0.13431809971876896 0.9899602623891337 2.8141455795295798
0.9951898728112328 0.09398428245413773 -0.02764345446183186 105.97980695004827 -0.08930610356708182 0.9863477370758086 0.13835660976008696 -4.428382778125506 0.04026940152574252 -0.13522235768856156 0.9899965778460581 2.8839088622672464
0.9958921365454387 0.08568601153579167 -0.029271977437298858 107.12763755468175 -0.0809286713632579 0.9873005388097622 0.13670474114140616 -4.531587043345798 0.04061391918086396 -0.13377422461070756 0.9901792268390482 2.9464932049620227
0.9962987779885445 0.08338211309385322 -0.020886767667041638 108.33311065471828 -0.07977588365270842 0.9874152982507987 0.13655338590062144 -4.6204581298722776 0.03201002047013422 -0.1343817012313005 0.9904124655055004 3.0037075631211914
0.9967028207678493 0.07848920520393673 -0.020567464814762165 109.47975919475347 -0.07516930198240694 0.9886436675893772 0.1301278779052009 -4.703898001010338 0.030547524343770657 -0.12815277151390275 0.9912838396618664 3.0641251902391056
0.9972109702711942 0.07316329573156366 -0.014747942145225304 110.65244934290541 -0.07058956278857607 0.9887354970697608 0.1319818945641363 -4.800284086513144 0.024238041530980498 -0.13057273268779362 0.9911423781103224 3.105464617603768
0.9974413140176703 0.07063927399772692 -0.011000314941721039 111.85623315291055 -0.06845910170290156 0.9881028745981866 0.13771728518250775 -4.878562631858182 0.020597689360342047 -0.13661182811812678 0.990410459595535 3.140963311330466
0.9976926227014822 0.06735438402453554 -0.008538526146401387 112.97973934640524 -0.0654430116815818 0.9875309232727609 0.1431777840144925 -4.944563945829994 0.018075707742136033 -0.14228862146985422 0.9896601193616069 3.1661882298057673
0.9978622261212683 0.06447635101324435 -0.010670834520470409 114.18678369677697 -0.06224008108475659 0.9873676901261417 0.14570932308791468 -5.011988008987014 0.01993084024590674 -0.144733665208631 0.9892698633979349 3.1986685675491406
0.9978426755239739 0.06482665961090056 -0.010372462383131128 115.28557334766806 -0.06255643980985125 0.9867993129498712 0.14937803664925617 -5.064473437897225 0.019919215441622236 -0.14840690448315508 0.988725720522592 3.2183743783850827
0.9978458434327018 0.06538217463054488 -0.005378926816818496 116.47628405539373 -0.06383232260306998 0.9865644981780095 0.1503858888296295 -5.1355616511609 0.01513921257816405 -0.1497185736412077 0.9886127087056672 3.248090461170217
0.9980417842128239 0.0625511120308844 0.00021028081795521156 117.65381801828838 -0.0618412036629332 0.986198440419957 0.15358480288092202 -5.207347087304895 0.009399519907326962 -0.1532970434071915 0.9881354160099345 3.2809415992632798
0.9979194302858256 0.06431028768398554 0.004591995759546547 118.8364284544913 -0.06422152008852733 0.9851897631453855 0.1589865308265621 -5.274239571361717 0.005700480897149078 -0.15895064150145238 0.987270040540489 3.2925036226388573
0.9978262282739703 0.06588131342624884 -0.0015998683740773324 119.99645074304885 -0.06483430478826598 0.9857394460593816 0.15528762809178817 -5.360768298852612 0.01180760439895271 -0.15484633046759 0.9878679715853129 3.306640866579367
0.9977258560602176 0.06736865578173834 -0.002160841527601501 121.31927603448518 -0.06619076542138967 0.9853273124970867 0.15731770356004712 -5.442055191490024 0.012727416464625791 -0.15681690114784272 0.9875456481851989 3.3285522209360696
0.9980955723120531 0.061667355202312105 -0.0015667490120142087 122.48649804746019 -0.060601941442488545 0.9849622543522738 0.16179231201727573 -5.506349287425282 0.011520490771459526 -0.16138923033648953 0.9868235553982186 3.36598702728191
0.9981877652764488 0.059910238456435436 0.005660163384711921 123.6928782765303 -0.060030951345664635 0.9848006576661812 0.16298447648165457 -5.583212154194013 0.004190304913368746 -0.16302888333675095 0.9866123653227269 3.3882355591214632
0.9977431167993684 0.06708396479903625 0.0029160616185202074 124.86225771443314 -0.06665584154063546 0.9842612048220643 0.16366694688890548 -5.642540839362439 0.00810925978429379 -0.16349193021111974 0.986511309375921 3.394656674335351
0.997041161720229 0.07686947297060834 0.00030794453427515286 126.09377068368788 -0.0758128263388636 0.9826579347397133 0.16922112364832595 -5.7197877803347135 0.012705332519329697 -0.16874375945143597 0.9855780299077136 3.4244529058417257
0.9967681374824651 0.08033279176996899 -0.00010740214043848065 127.33489418937228 -0.07913952961942014 0.9821899884940877 0.1704105377809961 -5.81353820206975 0.013795041543787256 -0.16985128211631673 0.9853731139305808 3.45795636654918
0.9966380910222249 0.08180362292379922 0.004557594667757555 128.50620370207224 -0.08135454633260984 0.9815155365451964 0.1732301340547257 -5.900949350659452 0.009697500873798778 -0.17301851845181798 0.9848707964065853 3.487907742404839
0.9964624385618809 0.08398400216447939 0.003063459610586526 129.51318401823545 -0.08328840883201813 0.9820323867278004 0.1693381894468533 -5.9835894323732095 0.011213280490596734 -0.16899428345959475 0.985553209808389 3.504372277617675
0.9966438326570588 0.08183106314122489 0.0021992728036131803 130.70186281600755 -0.08097098409274636 0.9815068394874696 0.17345896865708285 -6.07816669761864 0.012035728633897017 -0.17305487590517316 0.984838609126743 3.532555819752688
0.9962399865225503 0.08663336600958498 -0.0007987593112464527 131.81603510960161 -0.08516430122164022 0.9809559564414293 0.17456357968579392 -6.176273412763901 0.01590657603117549 -0.1738391797342281 0.984645548049295 3.5545315944238713
0.9967390311572205 0.08067971859483208 -0.0014750065299078876 133.07825682356784 -0.07916335379107127 0.9812211597538968 0.17589254987342612 -6.268760651866361 0.01563826690164724 -0.17520219041998575 0.9844082343953415 3.5903474451391135
0.9974154491617633 0.07182384549021113 -0.001961086809666293 134.37187794312456 -0.07025711186295804 0.9806478131481179 0.1827396914567218 -6.3613504094397735 0.015048200757213812 -0.18212959776626347 0.9831593442247658 3.619096286412638
0.9977630767657845 0.06682715282053953 -0.0017501879368514027 135.6610628000114 -0.06529290421246656 0.9798056134806699 0.18899149844497787 -6.448396666006267 0.014344605667324858 -0.1884544502851664 0.9819771317708812 3.6501384918345647
0.9978201478196067 0.06569990993694676 -0.006209936277783395 137.00331965914842 -0.0633434359127088 0.9799073608032975 0.18912737349071687 -6.5292973951822715 0.018510811328006138 -0.18832173124845558 0.9819328949926086 3.6970814832118473
0.9980752243578715 0.0619528610478927 -0.0027889783081891375 138.21651540286754 -0.06028314879487359 0.9797672133862282 0.19084585292316114 -6.614868208879579 0.014555994052847184 -0.1903103751086678 0.981616024231539 3.7281969067316245
0.9986644010247624 0.051640061907868004 0.0016754107086423874 139.32249072785814 -0.050968084049802125 0.9793161441772947 0.1958114761581063 -6.677192342688191 0.00847095837665421 -0.19563532866038638 0.9806400949936348 3.750488067928476
0.9984517009488174 0.055201128297927594 0.006864777934314333 140.62003628670416 -0.05548539938379759 0.9795297016818665 0.19350174162384765 -6.744159845406995 0.003957259287594264 -0.19358302379288758 0.9810758828261626 3.771461053788562
0.9979972599043421 0.06321651470264052 0.00228699831965766 141.93759017734695 -0.0624559156097107 0.9789623830945376 0.19424701059327684 -6.822811624117333 0.0100407319404274 -0.19400080665544892 0.9809499506010165 3.7911099279941665
0.9979359612386491 0.06380771256273557 -0.0072444429214905005 143.03768935869348 -0.06118534467719121 0.9790007129952185 0.19445808696167774 -6.8899432467101365 0.019500238087425313 -0.19361344998875343 0.9808840438925425 3.82644784659218
0.9976047733028127 0.06800706114969789 -0.01264297379033839 144.26039638873843 -0.06416099946976725 0.978045662174643 0.19826759412877645 -6.9566745452221594 0.025848999196337895 -0.196981498014571 0.9800663516035453 3.8623562438018992
0.9968325454581451 0.0771516850181969 -0.01930240097309458 145.35320040856294 -0.07196083010372112 0.9783331069537659 0.19412872224939604 -7.01686203651129 0.03386153249455073 -0.192124797463244 0.9807861100575541 3.8965356393060517
0.997191360568123 0.07301074625948963 -0.01670060501797567 146.52393347652114 -0.06835353486020089 0.9783106945014131 0.1955401987558737 -7.0923190995658585 0.030614913110193546 -0.19384943724139525 0.980553444561514 3.948995722030307
0.9974809590504662 0.06888128535765442 -0.016946791090877603 147.8139269428071 -0.0643271688382063 0.9790557240442702 0.19316287065225363 -7.17745628182111 0.029897156469923178 -0.19158613232357816 0.981020310086038 4.015192942126777
0.99766331470268 0.06803158468519402 -0.006301019815931362 148.91038658443526 -0.06551006418983553 0.9787042166637306 0.1945417122564858 -7.243805905898597 0.019401813224913515 -0.19367433507821677 0.9808739758198282 4.0583514984220725
0.9976327312590558 0.06867943730692834 -0.0034867292464818363 150.10028468392798 -0.06673228621544071 0.9791016787158789 0.19211115205894885 -7.314118507944698 0.016607946072685776 -0.19142368187554032 0.9813669471759578 4.090814775195237
0.9973036821394173 0.07294958389288678 -0.007988283298220735 151.280960413417 -0.06994240333414678 0.977814046306431 0.1974531364524164 -7.381104547587743 0.022215177143289206 -0.19636200590628028 0.9802797475241212 4.133370720995467
0.9970184947146215 0.07709490545851734 -0.003253554728426598 152.5288968380094 -0.07483781686432747 0.9763822822346495 0.20267444372304771 -7.452132948797898 0.018801877899139247 -0.20182666508069128 0.9792407372627392 4.17626199261874
0.9972494357959595 0.07410203245313415 0.0015938820512245966 153.6925930778965 -0.07281756965531752 0.9754978850393226 0.20760893012226095 -7.54788049337227 0.013829413096399592 -0.20715393587731248 0.978210575003638 4.208884203756818
0.9971125276105179 0.07487300974704288 0.012677876897239782 155.03093563490006 -0.07587152485534873 0.9752242677210758 0.2078006963347907 -7.642359556730112 0.003194889102641008 -0.2081625521713465 0.978088993610568 4.2319825384422
0.9965317504757103 0.08206940010045786 0.013754007779769437 156.34289477436357 -0.08314454685867549 0.9752574836371841 0.2048409504238382 -7.736803070650681 0.0033974736375223156 -0.20527406661209485 0.9786985999859282 4.245189828208918
0.9958983778437538 0.08902336486168407 0.01616633495637386 157.67955518257918 -0.09043626325131647 0.9738940600476766 0.2082105475863294 -7.844461374402697 0.002791304738382974 -0.20881855423998316 0.9779503846760229 4.261266799684351
0.9963689395861729 0.08400800054509627 0.013844888637280218 158.7515737140821 -0.08503825024007396 0.973924392709539 0.21033250655728505 -7.93947514030909 0.0041857372475366484 -0.2107461062045283 0.9775318374295155 4.2788064181053995
0.996517699833825 0.0823141030238258 0.013302301692717785 159.97917365796874 -0.08324677190476201 0.9730758488082519 0.2149264001158183 -8.047579316411126 0.0047473239711486506 -0.21528531980455504 0.9765396197066272 4.294013089333593
0.9969262203844905 0.07742257095369659 0.011997728362163996 161.21707719719032 -0.07820113460458607 0.9740081646538067 0.2125856715949756 -8.140642358332995 0.0047730425003993425 -0.21287045048317446 0.9770687407963579 4.312931274739638
0.9962311644656447 0.08587376646720682 0.012216875590728529 162.39957449266151 -0.0864663197166473 0.9720580769266295 0.21823533322899355 -8.235498167658712 0.0068651759347305085 -0.2184691724483677 0.975819668234921 4.324462418780827
0.9963331009086237 0.08468095303963734 0.012230171509142027 163.62072771613566 -0.0853018769879778 0.9720457075005579 0.2187480796379166 -8.3273340818724 0.006635508645605778 -0.21898919307776749 0.9757046880102417 4.350070998418139
0.9961547080669201 0.08646768015690869 0.014114770753704046 164.80262117376893 -0.08745767626804604 0.9718467916483875 0.2187806171893152 -8.420193348440343 0.005200056366388334 -0.21917377087534737 0.9756719491914624 4.375985464923009
0.9961246289901665 0.08711427427079986 0.012120874824555698 166.1415988944597 -0.08761330639354202 0.970696059334077 0.22377010293891733 -8.532444573959141 0.007727883117646826 -0.22396484432211103 0.9745665514449452 4.403994753418214
0.9961267251880217 0.08748369009097498 0.008845349246410674 167.3816682828679 -0.08722825859394821 0.970486215588469 0.22482821506351722 -8.639127347363972 0.011084510557501726 -0.2247289415911462 0.974358235610509 4.4365804594289
0.996281325173424 0.08454538056790606 0.016603873173189152 168.76772655264313 -0.0861016733311964 0.9698289194955821 0.22807533578361353 -8.744209978751805 0.0031797984353767296 -0.22865680233092014 0.9735018697951787 4.485234632291997
0.9959999271490783 0.08757591916829871 0.017739570735953256 170.10542508329414 -0.08932210188608126 0.9704712243501705 0.22406953129808138 -8.853694294586983 0.0024073510367025345 -0.22475775617056762 0.974411663809069 4.516263079179733
0.9954934741700789 0.09362679430987456 0.015061711094039712 171.31982910947713 -0.09457775975028447 0.968648047024889 0.22973027312196914 -8.9750223562134 0.006919410473275779 -0.23011947380264525 0.9731377520168953 4.541581007736953
0.9956219753636679 0.09224674220765357 0.01508342116562171 172.5978519549596 -0.09320621427367885 0.9676270175818368 0.23454327212618428 -9.090920574554572 0.007040725395563659 -0.23492228733788512 0.9719886223422787 4.565978869307532
0.9956864108897815 0.0917298375870272 0.01393904353675376 173.82299079750095 -0.09243688835355647 0.9677536371605451 0.2343252215773128 -9.197702749875956 0.008005052839962693 -0.23460290353708763 0.9720582964236238 4.58117424769169
0.9962667356469708 0.08578386829143717 0.009685466087022806 174.94590627118285 -0.08558381322848213 0.9667239724733819 0.24108123525435265 -9.293600419011243 0.011317706848193549 -0.2410101167988707 0.9704565770694191 4.61305967768745
0.9961965284612665 0.086321371014269 0.01188219074811451 176.3244744515211 -0.08657023485147375 0.964985451267574 0.24760586284029207 -9.402167596878623 0.009907534618227961 -0.2476927269572659 0.9687879482297775 4.650808799933971
0.9962418259327092 0.0847380817833077 0.01793796607711203 177.52291801362765 -0.08652223316211229 0.9639614298533201 0.2515795201461993 -9.490228135277134 0.004026857216089553 -0.2521860550017635 0.9676703534513232 4.672985089186308
0.9954035269538182 0.09259034156098371 0.024473169932730483 178.84878002138743 -0.09577000383592225 0.9626565870643446 0.2532200461655898 -9.60324639443974 -0.0001135286903050951 -0.2543999040764313 0.9670990697866166 4.684900160320969
0.9952275219859785 0.0928013456385486 0.030169166351752992 180.13283575463913 -0.09742882761025755 0.9623041822374717 0.253925726211366 -9.718736090005628 -0.005467266497835974 -0.25565319913298434 0.9667530634216333 4.701046829225073
0.9952151946119998 0.09437446343782956 0.025303476702968886 181.3154512486551 -0.09770579748328104 0.9628813660936625 0.2516208298233007 -9.833416860273273 -0.0006176663872465519 -0.25288915105135223 0.9674950287385257 4.702273608586957
0.9957922448998462 0.08967569423345431 0.01887230060457327 182.5309106745694 -0.09150540674491263 0.9618575143017958 0.2577923054531047 -9.939413990660135 0.004965238433371713 -0.2584344772643536 0.966015994812405 4.7176617899596875
0.995286816058603 0.09581300618441735 0.01497032046650727 183.7132214775234 -0.09642587849426017 0.9613711997297189 0.2578128319538406 -10.035213581342532 0.01030978575163845 -0.258041220147561 0.9660788642173649 4.748398667745072
0.9954831666163628 0.09322279503489495 0.017968426151929787 184.96512990167744 -0.09467756963728069 0.9607754066443518 0.260666004358387 -10.138046863390931 0.00703639002656838 -0.26118980732790936 0.965261782434384 4.776322702809202
0.9953521070622734 0.09447301080461407 0.01868480840792 186.14421017184233 -0.09605066221664486 0.9598424062555447 0.2635845509025863 -10.238128903855598 0.006967153139907087 -0.2641541071007087 0.9644552873741492 4.794459164805488
0.9950706777022501 0.09872684459300832 0.009351224675369202 187.19281730737492 -0.09771706990128282 0.9600604866149227 0.26217403823383023 -10.339404764745765 0.01690587197794291 -0.26179545310034413 0.9649752676072331 4.816889718690242
0.9951335452890796 0.09840962941794948 0.0049860552790530034 188.28592107535212 -0.09620162074539639 0.959366164784086 0.2652579877527558 -10.454985181404147 0.021320484988132226 -0.2644467691003958 0.9641645492846295 4.842897639877407
0.9946430497163428 0.10308846389168531 0.007619785591615265 189.38667872343044 -0.10150449955347451 0.9600987309267477 0.2605902021881399 -10.554643338456316 0.019548094742418556 -0.25996765701355323 0.9654194032459805 4.880580162308995
0.9945471785214158 0.10353533262941612 0.01250733630488535 190.50614195560746 -0.10317181957832117 0.9593005345897336 0.26286507948747745 -10.667754844787432 0.015217526919307858 -0.2627221086428316 0.964751499283481 4.9160840329912885
0.9949045358259836 0.10061984855111902 0.00637961906937383 191.6498705338427 -0.09879859062911134 0.9603720502634682 0.2606230104876615 -10.774360832312766 0.0200970375298224 -0.2599252937078708 0.9654195386661709 4.953584143855962
0.9951540316807597 0.09787801986824955 0.009404005807975763 192.84851170784412 -0.09695069589221254 0.9607539655175629 0.2599083883630949 -10.887763379799868 0.016404380325844858 -0.259560586538123 0.9655874549139042 4.9858846762383715
0.9944176294792559 0.10495225263288113 0.010894572831343707 194.03924314091114 -0.1039231109847635 0.9562955026633673 0.2733109742075394 -10.999707386613371 0.018266169072119285 -0.2729174291138677 0.9618640022468385 5.026971965386486
0.9934201632015 0.11437410456541472 0.005918819020805708 195.2131407142153 -0.11160720086141936 0.9552030513856735 0.27410026153322986 -11.126618605087891 0.025696295109860514 -0.2729572895063444 0.9616828756861469 5.066047917032041
0.9930117302748418 0.11770674325660269 0.008539027902842628 196.41477032758326 -0.11553504131466155 0.9548296754771711 0.2737735105699366 -11.261055358992941 0.02407166831897656 -0.27284684452451413 0.9617562524269636 5.120647417167806
