1.0000000000000002 0.0 0.0 0.0 2.168404344971009e-19 1.0000000000000002 9.791700870259712e-19 8.673617379884035e-19 -8.673617379884035e-19 1.6601845766184287e-19 1.0000000000000002 0.0
0.9999795798381148 -0.00638592912665709 0.0002609402984870687 0.09155807189136045 0.0063858092478088265 0.9999794854825571 0.000460404779485836 0.002320159111988211 -0.00026387552586317614 -0.00045872903690403203 0.9999998346793273 0.001529485420757981
0.9999142816855141 -0.013066002074711012 0.0008468441348224521 0.2621684488293944 0.013064904659809192 0.9999138001427706 0.0012893674975693566 0.005535366446289996 -0.0008636184771447267 -0.0012781929995513768 0.9999987849028049 0.011442720983539933
0.9998211830541434 -0.018807077727762432 0.0019758586532013706 0.4110007794269632 0.018799114304504008 0.999815361578404 0.003974666210113453 0.016129436237139333 -0.002050246139428946 -0.003936811011730537 0.9999901236667941 0.019862326397266403
0.9996089097532378 -0.027887276891699966 0.002082211173621825 0.5639249852053336 0.027878366712530304 0.9996025127855953 0.004192257200576737 0.025098883079354747 -0.0021982946061477418 -0.004132568928657117 0.9999890193378019 0.029741416720021126
0.9993907291903512 -0.03490116620179405 -0.0002954318793850592 0.7537565248329284 0.03490232800660598 0.9993714399873431 0.0062059935235187665 0.03472901278572951 7.864930040050273e-05 -0.0062125235539319075 0.999980673706589 0.04011588392750215
0.9989355662773648 -0.04609508630782887 -0.0017279231051142855 0.9374262369855316 0.046104842419485294 0.9989178947370326 0.006111055381781778 0.0521767645715087 0.001444363200501838 -0.006184216086610553 0.9999798091499865 0.04903275952666017
0.9981261580211747 -0.061137818536565657 -0.0025195420897389533 1.1219729566329533 0.06115297212399378 0.9981075119988659 0.0064552622027117855 0.07432337771382318 0.002120112746377848 -0.00659724343301481 0.9999759651723298 0.05610509559121647
0.9972107782082532 -0.07447323568146137 -0.0049405734775105825 1.306425531749295 0.07450711772909106 0.9971953970050313 0.007070468015004256 0.10015962030679165 0.0044001559854428005 -0.007418854670903541 0.9999627736290887 0.06681627553403563
0.9955510097993849 -0.09405065642844467 -0.005715696516326477 1.510059814769081 0.09410098196605765 0.9955193222052012 0.009286884697800946 0.1343668306495101 0.00481664820263914 -0.009783419929471363 0.9999405152387216 0.07718648083731021
0.993754700319027 -0.111415625378451 -0.006177563373401414 1.7004239222940878 0.11147363603783902 0.9937169263216924 0.010013027940707587 0.17143336970389902 0.005023140999426188 -0.010639128850436939 0.9999307608095213 0.08801717405936707
0.9916100702323097 -0.1289592307259237 -0.00888783991274342 1.9058870334866689 0.12903945705336992 0.9915973633123234 0.009135070535550951 0.2103356602524644 0.007635106410130059 -0.010205309787179113 0.9999187498109824 0.0936293285396254
0.9880301004921487 -0.15378441140412993 -0.012119554629726366 2.106785079483591 0.15390516072641647 0.9880375001709735 0.009749957740401393 0.26073980876564296 0.010475182375866844 -0.011498513519331888 0.9998789947600373 0.10522698691469895
0.9835192118937001 -0.18025810544710627 -0.014035082132934465 2.329863631551633 0.18039181741069457 0.9835543805141739 0.008918222968533757 0.32401866850559524 0.01219668394984124 -0.011303057378683702 0.9998617060453042 0.11831480272198906
0.9785730457920546 -0.20523048608888517 -0.01659065709501243 2.5713549897193597 0.20545119296812359 0.9785822699670734 0.012903880514590632 0.3953864684130843 0.013587052611569091 -0.016035959668881182 0.9997790703051013 0.13420691822323347
0.9716434063992314 -0.23562215775408002 -0.01978124996234349 2.8084379369877768 0.235903676458148 0.971684951511279 0.013333130102236312 0.47558787750973575 0.01607956140585173 -0.017621517229786145 0.9997153991295822 0.1474189647379843
0.9637712933155165 -0.2659798357568178 -0.019990733492698715 3.012523005588973 0.26629546228364137 0.9637713183136357 0.015216263713826233 0.5528002941519087 0.015219275641741619 -0.019988439425226632 0.9996843428600792 0.15856378024400747
0.9534229579052395 -0.3007294856751561 -0.023376228494847676 3.19943590553726 0.301112594177436 0.953470341292455 0.015015852345242543 0.639271337362029 0.017772830380208327 -0.021355334781757718 0.9996139382771425 0.16593872911908636
0.9415398071782276 -0.33600749146553155 -0.02453090808938915 3.4070017536096477 0.3364984550768496 0.9414781540391371 0.019688502132514527 0.7400122351939651 0.016479829244169266 -0.026792120721447314 0.9995051510205607 0.1737638113054355
0.928410126264479 -0.370746190855127 -0.02453380708025142 3.587942415357968 0.3712353062020617 0.9283290830914992 0.01973379927504637 0.8381104134014176 0.015459215128177271 -0.027428873983888137 0.999504186564969 0.18260579888279735
0.9138700179135588 -0.40511888136889884 -0.02683823002634334 3.8051952461635516 0.4057471742565471 0.9136518786430732 0.024686780937985067 0.9567369370441982 0.01451971763101203 -0.033450044378331684 0.9993348896902914 0.18989722380368707
0.8979249563541377 -0.43916273455377763 -0.02944271742776328 3.964709688701603 0.4398756835975696 0.8977134547203329 0.024897753150136988 1.0708944694131879 0.01549695764494276 -0.035307448776197986 0.9992563123573305 0.19956478879466058
0.8772603834029902 -0.4791605839283188 -0.028624513881887623 4.168254331470169 0.4798238107647438 0.877032812142471 0.024135429702785382 1.215648467863587 0.013539890771254793 -0.03490777904248428 0.9992987880216445 0.20560486284323073
0.8547501529719316 -0.5182999890493777 -0.027700281943286654 4.339004077626587 0.5189465666131963 0.8543896886552567 0.026696120284013303 1.3567416981973324 0.00983023591912666 -0.03719347845917194 0.9992597065043629 0.21546785689204215
0.8298892609791062 -0.5571324287240453 -0.029787239708682738 4.508332199470286 0.557859499380753 0.8294411319760199 0.028638251609760402 1.507151221261259 0.008751462677084302 -0.04038367139898071 0.9991458954560414 0.22219141622930136
0.8029352986116427 -0.5954109443364627 -0.02794140085352241 4.688311071270913 0.5960576065822254 0.8022925836271063 0.03227850384824792 1.6846527510770903 0.0031982038223768677 -0.0425722339061757 0.9990882472603971 0.23298460460705098
0.7691042741796611 -0.6386305732640849 -0.025092122365922977 4.858648481185568 0.6391232837032685 0.7685225628947224 0.029907531966855024 1.8679110998163329 0.00018399755174451627 -0.03903896958716177 0.9992376466185496 0.2378988205092047
0.729511812593541 -0.6834935215480592 -0.02547802115908115 5.011231513062165 0.6839572991867054 0.7287835313530597 0.03281675236919437 2.073499232264366 -0.0038620757013749173 -0.041366086279994996 0.9991365675914663 0.24094133896008718
0.6926187771181308 -0.7207714816540117 -0.027707563796357266 5.161136890798031 0.7212833667006826 0.6917985876408251 0.0341318176685319 2.285532019015162 -0.005433187547814197 -0.0436253419072868 0.9990331623313846 0.24702127455966902
0.6531402554390746 -0.7566537512391779 -0.02971389800285737 5.322685290924714 0.7572186098539012 0.6523483443477088 0.03258184212100183 2.5230141512461945 -0.005269361135916707 -0.043780428401639856 0.9990272555558694 0.2466604455822621
0.6067581845332329 -0.794465370248481 -0.025870625267721003 5.475114072608556 0.7948305413084726 0.6060080196730638 0.031601465369208985 2.7847206065466885 -0.00942846367207739 -0.03973721004355985 0.9991656557508583 0.2471384170301888
0.5558400742622218 -0.8309801797197338 -0.022666297249222696 5.6343904606585795 0.8311528797122292 0.555048426210289 0.03325803701091597 3.0938848255884097 -0.015055877046499678 -0.03732530720386758 0.9991897174359843 0.2501503648521324
0.5074435510422343 -0.861412583497721 -0.021665912657740226 5.7928826607060575 0.8614205674938636 0.5065045937479401 0.03751885298158227 3.4223540835336843 -0.021345327789419766 -0.03770216195834855 0.9990609958288499 0.25199368928066657
0.45879492963109925 -0.8884006341472092 -0.015859825519060067 5.93218963211802 0.8882302468753123 0.4580878810362619 0.034676846768397676 3.759087781197701 -0.023541738748994408 -0.029996737470767584 0.9992727013678941 0.2510681262799225
0.40734083695739937 -0.9131262639345946 -0.01654922758191639 6.036843112604725 0.9128697268606932 0.4065521043139155 0.03720497517107165 4.068580415506473 -0.027244716571753848 -0.030262393835799043 0.9991705872169959 0.2525563922909745
0.3547546608842984 -0.9347849858954282 -0.018060149479290247 6.146163322064602 0.934425569879244 0.3538332764654134 0.04063039182520832 4.431647120299967 -0.03159039820745743 -0.031289685571108304 0.9990109867960713 0.2584213928748127
0.3080246197532736 -0.9511566972280886 -0.02053726412814862 6.246865241025631 0.9506688289075614 0.30688960657277176 0.045249409271332204 4.797274474620994 -0.03673660551183718 -0.0334620681213915 0.9987645674701379 0.25332379518817866
0.2623865537802135 -0.9647978497265338 -0.017844154008069192 6.335035052668922 0.9642776916257454 0.26145869645604 0.04251876525373127 5.203684022085932 -0.036356503771882244 -0.02836307116804984 0.9989362793735673 0.24663571798567788
0.2196487444783175 -0.9753675247196977 -0.020313272634727587 6.414019658110861 0.9749572410863839 0.2187178952941885 0.040259436776693705 5.632500394809752 -0.03482487068223493 -0.02864750622586233 0.998982731677735 0.2441625222915818
0.17855170142739604 -0.9836363109575945 -0.024060464604422717 6.486267567515061 0.9833207538318318 0.17752692175735862 0.03955311685852668 6.095756107867171 -0.03463450144273411 -0.030721429718599886 0.9989277223539064 0.23605567254019486
0.14006050076722398 -0.9897639195974385 -0.027394303455537602 6.543728010769657 0.9896071658522352 0.13902109307819868 0.036752617478478834 6.592006909954281 -0.03256802843008934 -0.032257188207929825 0.9989488208884377 0.22797441707812446
0.110896529345849 -0.9934672923018176 -0.026920385944559894 6.5919512848690065 0.9934252281697528 0.11003560493417773 0.031598158188635456 7.100547367274007 -0.028429535443719917 -0.030247515842147535 0.9991380278625862 0.21780813471055402
0.08120350196947966 -0.9962649731616788 -0.029361587029929134 6.63383770892 0.9963584806052262 0.08037232957371238 0.028461002849674014 7.685364684742051 -0.025994840840656917 -0.03156579854370385 0.9991635592000301 0.2095097038498469
0.05774369632763969 -0.9978369257668692 -0.03141883804994977 6.652900724891336 0.9980156364222301 0.056905328226845096 0.02695431309448417 8.185317468523717 -0.02510810937079675 -0.03291293250926275 0.9991427681461592 0.20366183831135679
0.03920479344085544 -0.9987032291845089 -0.03247849229194937 6.667787587538806 0.9989450626351717 0.03839508720208826 0.025190097932052635 8.732541859688208 -0.02391041735634012 -0.03343180128474749 0.9991549209336896 0.1964071008794401
0.02500104584661878 -0.9992004054305541 -0.031201053954246504 6.681749724712407 0.9994507746884234 0.02430390488470046 0.0225262313833351 9.282431977089175 -0.02174991185104967 -0.031747096088442436 0.999259231954215 0.19536441753720774
0.013784418616601707 -0.9994448276247407 -0.03033207232318138 6.69192221436039 0.9996457642303224 0.013083826092228638 0.023175881200783708 9.875289003727277 -0.022766154784239635 -0.030640792877265066 0.9992711310898045 0.19093238150028283
0.004138137822725453 -0.9995291396891747 -0.030403667565651223 6.692918044233135 0.9997480089848365 0.0034644229393452357 0.022178327773353948 10.522754959562818 -0.0220625534702164 -0.030487782304114544 0.9992915932228468 0.18299673531105437
0.002706399651891455 -0.9995009792118592 -0.03147183231594522 6.685679612544954 0.9997705259027064 0.002035687902763502 0.021324010627885158 11.159188506391814 -0.021249302437269173 -0.03152232084238404 0.9992771186492483 0.185961217573383
-0.0015230859163451566 -0.9994781809074622 -0.032265374212392145 6.683457680872824 0.9998462751789994 -0.002085616287086052 0.017407990511648645 11.702379778127268 -0.01746619967939603 -0.03223389955284223 0.999327702512885 0.17482390447423107
-0.004180070143845443 -0.9994006139344298 -0.034364926232156555 6.681768295536413 0.9998278176187454 -0.004798188630646039 0.017924129542925632 12.275002951077827 -0.018078275259765235 -0.03428408425186918 0.9992485811608378 0.17459647812287507
-0.0009218188622910831 -0.9993731608766433 -0.035389883346461086 6.674966841125868 0.9998962946964313 -0.0014297188021811429 0.014328910452788526 12.844093930403885 -0.014370525944774011 -0.03537300372987605 0.9992708281604649 0.17061259794024042
-0.0022987746990584903 -0.9992304651703128 -0.03915611554109689 6.67347034648029 0.9998693272690441 -0.002923226957342718 0.015897957383733913 13.454242358109905 -0.016000185378752974 -0.03911445220552525 0.9991066024793409 0.17332066805345492
-0.004757544040836011 -0.9990413811625072 -0.04351658044325253 6.671434499545622 0.9998904298916582 -0.0053625250358133245 0.013796139118789828 14.036307378841958 -0.01401627246594323 -0.0434461756656947 0.9989574181853251 0.1752704319812331
-0.004298539809844613 -0.9988661596200373 -0.047412297932977736 6.661970203573321 0.999923218822228 -0.004844391235353367 0.011403957735080949 14.671862394868862 -0.011620711046855928 -0.04735963623234481 0.998810278957926 0.1796347432676773
-0.005295644526853986 -0.9987830146611658 -0.04903523271345933 6.6557266739273055 0.999953327526005 -0.005685240280496604 0.007809144056361992 15.340441771913278 -0.008078417418032547 -0.04899158868771751 0.9987664956490971 0.183851283736869
-0.002666278288134568 -0.9985528506544166 -0.05371316117948458 6.6553168421626 0.9999421896834823 -0.0032217068737498897 0.01025669606120971 15.990438856929888 -0.010414901023082896 -0.05368270777082707 0.9985037036207607 0.1884800486682608
0.0023818379032282968 -0.9984659563990811 -0.05531789072384561 6.6508666883016945 0.9999507033929833 0.0018449555517953357 0.009754426746845308 16.6579300039678 -0.00963740386404456 -0.05533839615783614 0.9984211194574883 0.196659662415969
0.005578279603934234 -0.9982233256771406 -0.059321860596189026 6.65313293464798 0.9999530152391222 0.005098115166688824 0.008242478644488481 17.34594907106189 -0.007925404669123278 -0.0593650511364594 0.9982048527660545 0.20271121220928126
0.009372285385470403 -0.9981593341193765 -0.05991754543437257 6.660713414576286 0.9999451659069499 0.009075640549637111 0.0052210962647527785 18.0332162985929 -0.00466769580366053 -0.05996319242127148 0.9981896501125618 0.20698938376350484
0.010418853398445983 -0.9979579495132702 -0.06301893977999752 6.665345173085562 0.9999343686093373 0.010698093908950681 -0.004095262974556477 18.770292804026077 0.004761082740559345 -0.06297213469054004 0.9980039036822245 0.21644437311961032
0.014732151381045904 -0.997960867514764 -0.062105385424532124 6.667354112417311 0.9998593467933733 0.015201007317154494 -0.007083637818415122 19.471098066143238 0.008013257688835195 -0.06199229176410464 0.9980444343236182 0.22641961739234548
0.020557589891565746 -0.9978806634183155 -0.06173795710530665 6.672856030904128 0.9997319323044167 0.021174946012890588 -0.009362003551493726 20.214970142428918 0.010649460121552183 -0.061528945814431565 0.9980484593682758 0.23666590395623674
0.024561119277666372 -0.9977874325511362 -0.06178186737792744 6.68555388088806 0.9996808282969138 0.024879232690711673 -0.0043848870666509865 20.958896458437437 0.005912270608145506 -0.06165444950909734 0.9980800185021693 0.2596599794051846
0.023385897309090766 -0.9978197093535375 -0.0617165756222309 6.705466002631047 0.9997221403631725 0.023523367415167442 -0.0015017228100425457 21.756803051409165 0.0029502302784532473 -0.061664306830691004 0.9980925602496489 0.26848877366020935
0.025308915972003253 -0.9976143889273336 -0.0642261477229378 6.724266827899736 0.9996745811665656 0.02546127434999326 -0.0015547334806170605 22.566684700188258 0.003186304032108516 -0.0641658975691023 0.9979341333359987 0.2828544544155314
0.021571625962738813 -0.997585036272419 -0.06602097115722806 6.747436667145812 0.9997328541985672 0.022071855859425615 -0.00685677279605887 23.307755502445296 0.008297419219511043 -0.06585542103969057 0.9977946511057699 0.2979946593324526
0.017373828505142824 -0.9977529508599724 -0.0647086347186727 6.760944740362862 0.9996391213260425 0.018659884904958207 -0.019323501962663397 24.08145553107198 0.02048753657774067 -0.06434955840456781 0.9977170664068132 0.3168296228794325
0.018654948083809422 -0.9978159254751766 -0.06336702655143626 6.768387559813533 0.9994826643767099 0.020271745705867265 -0.024968417145254794 24.8876858642451 0.02619844424725128 -0.06286845888240637 0.9976778777832449 0.34128218044716735
0.016614111002398183 -0.9981596864326664 -0.05831997916755814 6.783248133514443 0.9995420102358943 0.018055973117180567 -0.024284017926371398 25.7227862144885 0.025292351442549533 -0.05788981077295431 0.998002513117318 0.37753098130410323
0.015601762096609644 -0.9984637578465222 -0.053166884057144044 6.796437579473854 0.9996953611950432 0.01659385622261486 -0.018269938671071 26.50974191877505 0.01912411506332451 -0.05286564310482823 0.9984184700933082 0.40904866047657523
0.013550612921049745 -0.9987631944605148 -0.04783796143603309 6.809226255664846 0.9997928134353239 0.014260226221280413 -0.01452370715302367 27.30199465807661 0.01518792415778533 -0.04763124395396815 0.9987494886008601 0.4351975878601957
0.014000991804383758 -0.9987332860428589 -0.04833015469031945 6.824700341055626 0.9998213901844046 0.01459709250533776 -0.012003105364210252 28.1820802610423 0.012693380481803166 -0.04815346609969088 0.9987592658973607 0.4557675937058599
0.011215708000469178 -0.998581057293027 -0.05205850731102951 6.833478466438844 0.999763945361573 0.012167336148580942 -0.017999205659648486 28.942770834779868 0.01860707899566264 -0.05184434381499485 0.9984817925465375 0.47841956737966823
0.00426355854576895 -0.9985391015052651 -0.05386550944202378 6.838955229785976 0.9997309153643225 0.005484465010773147 -0.02253839893668018 29.71847806615834 0.02280089590491111 -0.05375492024895018 0.9982937829698567 0.5011223517529243
0.006424227932998082 -0.9985769669705448 -0.052941275062435844 6.8368240016049455 0.9995679610182808 0.007931033683386443 -0.028301094126180718 30.534334047034267 0.02868069948763517 -0.05273658867026495 0.998196483220427 0.5354566369322833
0.012058219516529961 -0.9981292517823803 -0.059938337917403654 6.852920456986301 0.9995615959296794 0.01365311932524401 -0.026271090450764513 31.406378968922482 0.02704028886665858 -0.05959527704119215 0.9978562898302019 0.5731626796428301
0.013494610203202612 -0.997633771722555 -0.06741484471506912 6.863636996656188 0.9995066523743275 0.015370743610809994 -0.027388939712692947 32.25458441902132 0.028360347240133164 -0.0670119815300621 0.9973490033369153 0.6040274554888818
0.0157091400649721 -0.9975606444448569 -0.06801464435726416 6.865680615037307 0.9991974899121283 0.018168732555989057 -0.035696431598698036 33.05429454408673 0.03684509482143018 -0.06739930050507165 0.9970454968056028 0.6377185984368764
0.017802897427758264 -0.9970523664132849 -0.07463004587101468 6.88190038022506 0.9989192141513692 0.02094212117543444 -0.04149449455233431 33.83174401207852 0.042935095014482005 -0.07381066330665759 0.9963475864474373 0.672831830345469
0.020318666319913106 -0.9968959770507981 -0.07606294112627326 6.900870288531969 0.9989458285898664 0.023374828241736444 -0.03950709892973322 34.683751757295916 0.04116242575360721 -0.07518002493718884 0.9963200128361506 0.7188739548945184
0.02345005870107707 -0.9966129229458037 -0.07882122073529278 6.9133451141326425 0.9991136892171791 0.026119521785267958 -0.03300861279750936 35.52976848359853 0.03495558231885806 -0.07797730544997207 0.9963421081741031 0.7716392806823648
0.02405070563299601 -0.9967111043162752 -0.07738569871139335 6.929477851718103 0.9991576507559785 0.026539782016101954 -0.031298415688350595 36.39655878456016 0.03324927770069754 -0.07656776267894563 0.9965098156425892 0.8144835085866177
0.023334437745734942 -0.9965151876460426 -0.08008116557423108 6.950349880364653 0.9993796494158356 0.02536486238533003 -0.024431578089104077 37.29741200925849 0.026377686101753124 -0.0794613887433581 0.9964888633578396 0.8524743635983162
0.018337680413193152 -0.9965861617598117 -0.08049695609011857 6.970258576474364 0.9995092434405253 0.02031725263388917 -0.023842051938298334 38.25089922069057 0.025396135768712 -0.08002024245123718 0.9964696415382494 0.8872102432563598
0.01850209338436513 -0.9966774252853883 -0.07932080900211357 6.983908041349699 0.9996168539432946 0.020073315255380433 -0.01905699990652398 39.101634719098946 0.0205859130016933 -0.07893782186541307 0.9966669402996851 0.9114675494613133
0.019072147355073055 -0.9967711619951792 -0.07799687227005121 7.003400789550382 0.9995635367493713 0.020769428082402244 -0.021007826553153888 39.95774112573272 0.022559945888658745 -0.07756216386261937 0.9967322152914262 0.9414515225843677
0.019802594296273537 -0.9965050590119515 -0.08115129633338221 7.021543517793918 0.9993365144117643 0.022209564094689306 -0.028865691475153193 40.75611673176013 0.030567142195658654 -0.0805258367343641 0.9962836889448335 0.9634372586197584
0.019300370534552774 -0.9960250382142019 -0.0869576173862337 7.037140006654499 0.9991855618897648 0.022297682415172982 -0.03363016782914221 41.64785458996782 0.0354354421744112 -0.08623771972325125 0.995644180697172 0.9995864312683508
0.022192005269112167 -0.995653420855358 -0.0904532404893434 7.051820731695366 0.9989071312189493 0.02580482498769564 -0.03896942552248274 42.462277891545405 0.04113417145125616 -0.08948957587131129 0.9951379528340261 1.0312183030670958
0.022487276409056723 -0.9958605459120801 -0.08806874456502975 7.074832397975636 0.9985803855552874 0.026628315598137088 -0.04613142433232033 43.231016460850604 0.04828558725011087 -0.0869063494409012 0.9950455958960237 1.07181552434999
0.02296441214886921 -0.9956463715082605 -0.09033795963467312 7.088859668395939 0.9985073147392093 0.027321447516412984 -0.04729315844993509 44.02203098812611 0.04955542492354298 -0.0891170525163876 0.9947875955362249 1.1207053314660675
0.020581056800940335 -0.9955904005295252 -0.09152148790464391 7.100547330452296 0.9983292861965006 0.025408158932979156 -0.05189435133317479 44.724692349497495 0.05399090998733563 -0.09030053969183632 0.9944499703813197 1.1670197783568765
0.020263690326545285 -0.995724149236963 -0.09012663177185809 7.1205987001367275 0.9983204824417585 0.025044884132625938 -0.05223916188365362 45.513354808137386 0.05427300551851897 -0.08891670291910636 0.9945593045340672 1.2174920303383034
0.020460743997788796 -0.9957432791672538 -0.08987039680654313 7.137148269907109 0.9984781849918307 0.02495550189370769 -0.04917823643566044 46.32679523167908 0.051211658746580374 -0.08872740599098146 0.9947385399469755 1.2782237715443978
0.017193859875534557 -0.9960702931405173 -0.08688124411752177 7.148510818355571 0.9987284626674301 0.02122807375540485 -0.045725142546041826 47.03610591436964 0.04738977711583044 -0.08598457831586175 0.9951687348073495 1.3263709536479424
0.013384754494197609 -0.9962022465633784 -0.08603453122480428 7.157140216499013 0.9989009548734679 0.01718690819909333 -0.043605670017774587 47.67917414513884 0.04491873357019578 -0.08535632284880278 0.9953374075887463 1.3596525884535557
0.010559154492326068 -0.995882625281941 -0.0900350442428959 7.17159621090704 0.9987209814257256 0.01495573215638289 -0.04829792183904933 48.407086377523086 0.04944560070290814 -0.0894099011327076 0.9947667825032526 1.3935354058613993
0.008940410628409348 -0.9953033312651917 -0.09639168067873781 7.176511498667558 0.9984383902431074 0.014201038910254295 -0.0540284489957899 49.17042788520661 0.05514355671791527 -0.09575811650651679 0.9938760087138272 1.4442050200541374
0.0066012157489848565 -0.9953945788848947 -0.09563505921503046 7.181575125633168 0.997975274312938 0.012607864658412961 -0.0623406410541335 49.970160722347316 0.06325928939085462 -0.09502989897652335 0.9934623948733947 1.4957639156588207
0.0069912112895623765 -0.9950988061899326 -0.09863821347702659 7.1788506719486005 0.9979002839751799 0.013294329410654275 -0.06338963610910922 50.751298902811406 0.06439027946567863 -0.09798792941332599 0.9931023144776806 1.5633159189370938
0.004727973833807391 -0.9948721504407375 -0.10102998967986344 7.182172231063635 0.9977650066761764 0.011427405858394007 -0.06583591547253188 51.5356633206854 0.06665282882214738 -0.10049291632927365 0.9927026360390852 1.6289536407044372
0.004772928688296779 -0.9944360277678721 -0.1052340919229899 7.181403558195688 0.997926442978028 0.01149147198568598 -0.06333026444830232 52.3594683479315 0.06418719058413305 -0.10471361064060955 0.9924288456775268 1.701926436027354
0.008058843497530823 -0.9943138496186907 -0.10618395251546238 7.18652643700683 0.9979377544175083 0.014759340689320714 -0.06246888896744204 53.01844059315183 0.06368088595464717 -0.10546154656493288 0.9923822632340165 1.7569940333071787
0.007082956320479066 -0.994370379415405 -0.10572316938538075 7.190097330182165 0.9979111841070151 0.013817661001938085 -0.06310548943507162 53.7503299837414 0.06421107573543056 -0.10505535816400006 0.9923911823949454 1.8230466146708264
0.008153186042498347 -0.9943423767883196 -0.1059092609462274 7.190799570444775 0.9979107467432673 0.01487891672795044 -0.06287067113978335 54.51726090479281 0.06409078699455771 -0.10517539183854442 0.9923862440578931 1.8852949342310004
0.010953298701021696 -0.9942227209680371 -0.1067764704059054 7.192304072786941 0.9981567748894863 0.017245629911854455 -0.058185933948266384 55.324493393568815 0.059691204457214334 -0.10594232785084252 0.9925790309599015 1.9480198013632646
0.013562610998682799 -0.9943075666378048 -0.1056812508611152 7.206887017749634 0.9982612372162436 0.019527748993423334 -0.05561592585774198 56.102180731804474 0.05736305226218669 -0.10474319751094326 0.9928435386462736 1.9995355367683767
0.018397211964553798 -0.9940549039229875 -0.10731448575311632 7.217625833696694 0.9981717733632015 0.0244410600320619 -0.05527845297889775 56.81061863514455 0.057572696465235135 -0.10610131956465349 0.9926871833713109 2.0445541263961267
0.01651285404517121 -0.9940317644872795 -0.10783406287186177 7.22657812096695 0.9980313180067946 0.022912663030920922 -0.058382018367999805 57.46820333339007 0.06050434566063211 -0.10665771656954967 0.9924531752549607 2.086098078369297
0.016121739595758782 -0.9939528525940325 -0.10861779139006539 7.237372901890024 0.9978047129397318 0.022971826564136367 -0.0621128967110349 58.205525016616285 0.06423243927798844 -0.10737797462804544 0.9921411763103494 2.135532692522247
0.01328520772499921 -0.9938642548851717 -0.10980598522444031 7.245545759882436 0.9976724704676114 0.020520547781683225 -0.06502699983900218 58.91630293736779 0.06688128902632991 -0.10868650975314682 0.991823615970683 2.195662879203684
0.019439704411606116 -0.9934194973709081 -0.11287075976348279 7.250720483586355 0.997222641495969 0.027383471249778902 -0.06926117749781419 59.615396186957796 0.07189619660453976 -0.1112108587578515 0.9911927316266236 2.250581270308449
0.023533460133485333 -0.993118723849843 -0.11472307905068146 7.260927993451762 0.9967073819426895 0.03221401011300261 -0.07440842863317407 60.25171858189484 0.07759209331791142 -0.11259425034247256 0.9906068600941882 2.3069048390837903
0.02720677513411133 -0.9929736275300859 -0.11516585731200268 7.280196967315693 0.9963854005628127 0.03621249328474834 -0.07684237628844162 60.96643231962141 0.08047289513538251 -0.11265894397815016 0.9903696405441572 2.3720252245982714
0.030989881606325265 -0.9927380658940912 -0.116235829401909 7.289786452228001 0.9961930718389286 0.04015714890519274 -0.0773739551153648 61.66401804616961 0.08147976921864587 -0.11339551659520532 0.990203238454353 2.441857707138423
0.03784027221477232 -0.992117025308411 -0.1194651839063017 7.314312054749267 0.9961242529283503 0.04694937752031601 -0.07437869719657825 62.31285404617653 0.0794011870045256 -0.11618765524589501 0.9900483976513668 2.505047256531286
0.04728159867710932 -0.9915540330318269 -0.12076861462615424 7.337739559872824 0.9957334727866256 0.05637819342402817 -0.0730500677398657 62.94597648999694 0.07924180476864871 -0.11679942637803827 0.9899891816560797 2.5611760167305935
0.0591310465059941 -0.9909318717388028 -0.12065468571590399 7.370448985835459 0.9948774701998575 0.06842636893595012 -0.0744084218435154 63.571398575882675 0.08198963790802985 -0.1156367789713981 0.9899019062746248 2.625964351137452
0.07443077952309271 -0.9897487251943932 -0.1218914611838043 7.40863784145913 0.9935411002192867 0.08409798524356803 -0.07618118515284353 64.17530773186154 0.0856510562863784 -0.11543394978941836 0.9896155057467256 2.6769857401843806
0.08961386222839102 -0.9887109175718566 -0.12008366018985502 7.453240528070187 0.9921640675274531 0.09915894798904741 -0.0760126835426473 64.70576530171253 0.08706193857942196 -0.11233090095283381 0.9898494516658698 2.7315553984866607
0.10997304416020505 -0.9862933978009546 -0.1230092325244309 7.512729897922284 0.9898245662926551 0.11991945576672484 -0.07659382488451448 65.25197754730988 0.09029518304309218 -0.11333430250328534 0.9894453321010787 2.786603328010756
0.13486566728311541 -0.9833343557436711 -0.12192130608028695 7.593731666637814 0.9867973958407689 0.1444277371973538 -0.07329045100283316 65.8086794162618 0.08967783579554787 -0.11042726014491291 0.9898301144162163 2.8398939954893447
0.16122467904365023 -0.979565664522773 -0.12024025960215404 7.6923802106081265 0.982740234963193 0.17054426795148594 -0.07166760196664702 66.37729677898608 0.09070940819734716 -0.10661035327685082 0.9901545259503576 2.8995809008654736
0.1933482194309141 -0.9738693913908919 -0.11914227976957768 7.799567161649093 0.976553289562766 0.20273779411096338 -0.07239489900145492 66.84243338759607 0.0946578181599266 -0.10235135889179704 0.9902343390407697 2.9494972221240072
0.2238499141492941 -0.9670622148961013 -0.12116887690105763 7.910004912005714 0.9696563590794218 0.23351707083727588 -0.0723621782610753 67.25182195109146 0.09827372848613289 -0.10129390310647049 0.9899907923330379 2.995058962353732
0.2638590079895755 -0.9568256114641837 -0.1219146481060061 8.038443714546332 0.9594296700900338 0.27337074554363666 -0.06901525592298278 67.66622014116342 0.09936346155563819 -0.09875823216617527 0.9901382042464569 3.043065899956629
0.3060251044310684 -0.9441220967167431 -0.12240143064113947 8.180498383564457 0.9462861331129047 0.31575010512685653 -0.06960163294689872 68.07445617917716 0.1043607030146968 -0.09452692806556778 0.9900370967585359 3.097899824748344
0.34937667309039405 -0.9290876666299501 -0.12137568245025734 8.358201824063805 0.9305604788543658 0.35919886830698283 -0.07094596619671965 68.5137536697621 0.10951302868176585 -0.08816054618342144 0.9900679593173859 3.1522095578482907
0.3978602557292004 -0.9093896913094579 -0.12131617585898173 8.550299430407604 0.9104793272274706 0.4076367266621149 -0.06971123070122047 68.92620869258305 0.11284760204379925 -0.08272054080902673 0.9901629564180493 3.20975165051619
0.4409799130010784 -0.8895521095887917 -0.1193053600202221 8.744794190249545 0.8896368236267591 0.4508051795924691 -0.07294500680761093 69.2838993100535 0.11867185751605387 -0.07397115757869024 0.9901743318736672 3.258259691597774
0.4898360772989228 -0.8637920410205391 -0.11799972677865962 8.98259831583143 0.8629065354395271 0.49966870388409196 -0.07565354831608256 69.66092818499868 0.12430970194262664 -0.06476489698787591 0.9901275450882023 3.316796826390648
0.5359022589979354 -0.8356441012911574 -0.12044796823552786 9.21595220316172 0.833636205463478 0.5463155200546487 -0.08117876203874118 69.99655947303798 0.133639146428849 -0.05690590424184353 0.9893948888211883 3.3789120062814297
0.5835014093565871 -0.8028671682611197 -0.12219011286151714 9.489959445598148 0.8003371472824509 0.5940235129550574 -0.08121870877199965 70.33925386054194 0.13779163312075682 -0.050402054406643776 0.9891779658761154 3.450324004072066
0.6265145262690727 -0.7692833421244499 -0.12523057205626223 9.750101639963539 0.76640943856342 0.6372839607952092 -0.08053376752855244 70.63131893568912 0.14176071905758522 -0.04552231636202663 0.9888536629181371 3.5130656600627597
0.6658033939939613 -0.7356988432189409 -0.12431034110763713 10.012957997242419 0.7316126437460357 0.6764292835633692 -0.08477219925867596 70.89865094432774 0.14645396208548905 -0.03450539860271432 0.9886154782715243 3.573308789132591
0.7065226746895003 -0.696306682036839 -0.12642279452023597 10.311146090659498 0.6917212535964719 0.7172070626726502 -0.08447306371657395 71.16156362306289 0.14949047795805426 -0.02776719836298678 0.9883731730051397 3.6360685077452617
0.7397109125337128 -0.660819340819815 -0.1270652310857294 10.606953174007053 0.6559149705149041 0.7502294845065388 -0.0832540326335906 71.3998439836278 0.15034395588387428 -0.021760070298588584 0.9883942248369791 3.6969560649262854
0.7714808050910635 -0.6225714902228383 -0.13123305685543377 10.92547071605173 0.6163755452639942 0.7824614744857877 -0.08851660897430505 71.62537021252992 0.15779272633614166 -0.012599981782085615 0.9873918398466758 3.7571972328982914
0.8056323798481796 -0.5762977963067087 -0.13724914129440896 11.271960054865907 0.5691550971998511 0.8172236733981015 -0.09059748830629956 71.84581283731926 0.16437437820504844 -0.005127777901889784 0.9863846709599645 3.82635079536594
0.8360881211173274 -0.5300164236060635 -0.14156006749149985 11.685074958765975 0.5222341874900166 0.8479855635883187 -0.09050911158945693 72.09314010273307 0.1680122071126551 0.0017460864724018511 0.9857833427607053 3.9071826200951874
0.8645997506601808 -0.4801399971784868 -0.14809747648646326 12.10166497134157 0.47181657190175114 0.8771610755726207 -0.08931703027660305 72.29873346339126 0.1727900182363536 0.007348638609601618 0.9849312445697775 3.993484580952034
0.8902374939959001 -0.42977474037259 -0.15090024882496064 12.512917316642618 0.42076342302804626 0.9027998756953294 -0.08894092536334286 72.47173906923007 0.17445728676466962 0.01568524133381775 0.9845397796535774 4.0745964904785215
0.9117282904016767 -0.38099872434754306 -0.15359526294988238 12.974765102106874 0.37100742732766984 0.9242277955431546 -0.09031297100313584 72.64216498397937 0.17636613577198743 0.025355907230069724 0.9839979743590441 4.159919201600975
0.9293215922781142 -0.3358068430806205 -0.15360713049777677 13.488018028145854 0.3258755848731187 0.9414401281530337 -0.0865768456636711 72.81326148460431 0.17368501161168928 0.03040091843460655 0.9843318801710553 4.259724853776906
0.9433463445697675 -0.2944436279150277 -0.15297265259175302 13.998697195042732 0.283981931529777 0.954897350336555 -0.08674834178883464 72.95679822654867 0.17161567488430204 0.03839226152718815 0.9844155849081924 4.35397171144053
0.9555903428899659 -0.2509079739769304 -0.15457132154475492 14.479262266947261 0.23993247173581883 0.9669471586048652 -0.0862876780947695 73.05904853167984 0.17111256443664924 0.04536899232475475 0.9842063270720499 4.441878301752065
0.9635263373373325 -0.21572569745629575 -0.15836486033259506 15.028396474835485 0.20407121042258303 0.9751102826285105 -0.08668817512831017 73.16673946113491 0.17312406851004242 0.05120863072299289 0.9835678331784298 4.5430954846147475
0.9696250378326563 -0.18668702400731638 -0.15803559519669727 15.636247519473187 0.1753333417374273 0.9809962821589616 -0.08309317411045146 73.27289541586138 0.17054474650206236 0.05286031262808928 0.9839310068346829 4.6569833489765635
0.9747039203620058 -0.16103957362646634 -0.15497913288893264 16.139481245409804 0.14969564100461402 0.9852965818459627 -0.08235182320476131 73.34542857545902 0.1659623102092243 0.05706894378768911 0.984479353092933 4.749952256743233
0.9786532112122829 -0.13872492199084616 -0.15163540640755138 16.693804348516576 0.1270284373335085 0.9883084117977358 -0.08432212756277244 73.41456351478493 0.16156012611069348 0.06326011162162046 0.9848332007756553 4.843017808183698
0.9822201524007744 -0.11402674502325284 -0.1491357834695092 17.357560773475875 0.10268917145401858 0.9913562806535746 -0.0816555006908088 73.48480464494973 0.1571576044767973 0.06488904769220749 0.985439418871611 4.953866251496605
0.9840813271259361 -0.098273580494047 -0.14807516082314257 17.931647940969345 0.0869836689241942 0.9929197094598229 -0.08089656250407537 73.52901504545825 0.15497673843824325 0.06672867519545254 0.9856619318361696 5.050585469395259
0.9855798040190945 -0.08319899756418327 -0.14734444335590505 18.56977667858751 0.07253860924180451 0.9944419345170454 -0.07631088363745984 73.57276842067296 0.1528744802624958 0.06452230412668084 0.9861370163298615 5.1547845946394135
0.9869717166523012 -0.06900975295178842 -0.1453426737053023 19.201203342948464 0.05839109637190885 0.9953886751545192 -0.07610405479924598 73.60861474153346 0.149924371422424 0.0666258309009178 0.9864500144110997 5.263319116817917
0.9882970881195151 -0.04897885963229774 -0.1444643388434325 19.876839263660212 0.03815643796164148 0.9963194090356575 -0.07675730153664093 73.63430903415102 0.14769210780228342 0.07034677232854589 0.9865284194270226 5.369124417418938
0.9895090576780535 -0.031981004398931215 -0.14088665090983232 20.539807468679747 0.02152046746182269 0.9969395447615002 -0.07515567503007768 73.64702650638314 0.14285902564543118 0.07133527388392012 0.9871689454763299 5.477979851554257
0.989910157844549 -0.01877182972370804 -0.1404475207288004 21.26958389222047 0.008456908986302466 0.9972458597318735 -0.07368268355796283 73.65294855438579 0.1414438654106767 0.07175148429303918 0.9873425478833255 5.5854968735487525
0.9894975905806829 -0.002911945098588572 -0.14452005772427895 22.007525220346253 -0.007208790631421932 0.9975588860269096 -0.06945692308656276 73.65324796348595 0.14436952057318292 0.0697692721765201 0.9870611123991933 5.702058972911755
0.9881786111362915 0.007570233256177828 -0.1531199932571185 22.77227783542102 -0.017948422030653374 0.9976243011329999 -0.06650992297223166 73.63439449035204 0.15225272858488823 0.06847194487337148 0.9859668599020045 5.826434547283067
0.9874148624576298 0.01585144346877713 -0.15735510608683478 23.53465975343126 -0.02720220058087209 0.9971587656852973 -0.07024527186082913 73.6201691951897 0.1557945323203996 0.0736416298569398 0.9850405694550788 5.948470409560925
0.9871877996351245 0.021198535317231548 -0.1581482805022809 24.312468028205576 -0.033318097571978615 0.996673140911209 -0.07438088785863631 73.60018678076744 0.15604537549353004 0.07869710405164101 0.9846098496471956 6.080589373378851
0.988319783395818 0.022348630972282905 -0.15074665076203467 25.16011684928685 -0.03429961728081423 0.9964292837976054 -0.0771503763001194 73.56685345220231 0.14848416995618607 0.08141979478347099 0.9855573132553705 6.2211025990773985
0.988632130289662 0.02719897524020885 -0.14787405106600107 25.92421766470475 -0.03865508073563667 0.9964220701371469 -0.07515853108725357 73.53341295718018 0.14530073108124103 0.08002022125527442 0.9861462422778979 6.351005046633073
0.9883963814509206 0.033371745644772244 -0.14818545138174066 26.70858529586127 -0.04490420034622014 0.9961588981955004 -0.07517329482910137 73.49910855788973 0.14510758992934672 0.08095516094982491 0.9860983717062863 6.473095998091679
0.9885911829489208 0.03833039327681202 -0.14566489700940818 27.448573479288324 -0.04930347285743847 0.9961503029071873 -0.07248243580609526 73.45851419045009 0.14232584906409984 0.07883728143396831 0.9866752176707334 6.5866692602787955
0.9879209847746923 0.044548139940810305 -0.14841697794888267 28.14623031779272 -0.05589587799323476 0.9957507708407702 -0.07318480109726996 73.42056254444697 0.1445260714703234 0.08059669722231853 0.9862131293404653 6.690793099241645
0.9880789582741903 0.04870259522482285 -0.1460412192088959 28.824991942015533 -0.06032146274947431 0.9952651516857818 -0.07621391532988592 73.37764992498074 0.14163791878203466 0.08411478515125398 0.9863383558918088 6.797346478134646
