1.0000000000000002 0.0 0.0 0.0 2.168404344971009e-19 1.0000000000000002 9.791700870259712e-19 8.673617379884035e-19 -8.673617379884035e-19 1.6601845766184287e-19 1.0000000000000002 0.0
0.9999795798381148 -0.00638592912665709 0.0002609402984870687 0.09155807189136045 0.0063858092478088265 0.9999794854825571 0.000460404779485836 0.002320159111988211 -0.00026387552586317614 -0.00045872903690403203 0.9999998346793273 0.001529485420757981
0.999935684337253 -0.011340866636673386 0.00014215055916000366 0.2623236335441305 0.011340973792671669 0.999935371535534 -0.000772647265912115 0.006741897326129122 -0.00013337935198069149 0.0007742097139561222 0.9999996661152302 0.00625359874715384
0.9998792620734239 -0.015536625734314856 -0.00028776754471178503 0.4069597622762141 0.015536913066311045 0.9998787526469822 0.0010228664403727527 0.010590978094963486 0.00027184028710047585 -0.0010272139246423693 0.999999410177684 0.016241253849971417
0.9997434709938299 -0.022532915417272703 0.0022952563844208804 0.5740918481218478 0.022530869114451388 0.9997457111943852 0.0009136759001422861 0.023023216632829885 -0.002315260954630919 -0.0008617273567331808 0.9999969232022563 0.024146850764139863
0.9995756571918623 -0.02912925011930148 2.4714506227396273e-05 0.7405477480368907 0.029129005475877018 0.9995700653062208 0.003338787500549359 0.03183571419169878 -0.00012196072581888585 -0.003336650734434515 0.9999944006387049 0.029973665462219308
0.9994307813905939 -0.033713162980493414 -0.0012426281423853886 0.906157511638503 0.03371613913410381 0.999428409310934 0.0024573445781666935 0.042746682320160996 0.0011590725272779246 -0.0024978423751347107 0.9999961833705419 0.03679531554055608
0.9987712341972946 -0.04905416787769273 -0.007051143715932826 1.079598452649596 0.04906528000974428 0.9987945572290456 0.0014116180327008183 0.057519883752621875 0.006973397675797225 -0.0017558497659296013 0.9999741187339598 0.04536185181961302
0.9979906707082942 -0.06282814757996767 -0.008200812443989467 1.2527237781436975 0.06285698856903303 0.9980170442198621 0.003307620436551212 0.07859295899599433 0.00797673837886461 -0.0038164526244797384 0.9999608771124523 0.05633384129822965
0.996744872217264 -0.07995689680976915 -0.010322917950111855 1.4209448743405484 0.08001173434788988 0.9967812985707115 0.005012694345240662 0.10849762689514263 0.00988889150413122 -0.005822331836962235 0.999934127679471 0.06721034417509086
0.9946714325711024 -0.10260275818254351 -0.010070924195331973 1.5994706297561483 0.10265704427067128 0.994704077883853 0.005028978138081376 0.1443159709920015 0.009501601772043322 -0.006036032070724725 0.9999366156421674 0.08298950006436978
0.9924071501410551 -0.12241046667655552 -0.01198892283735204 1.840974518341052 0.12249644267587619 0.992446195300986 0.0067181011173608465 0.19167779043776548 0.011075994382503845 -0.008135691823020244 0.999905536682493 0.09354079129782503
0.9890401216100732 -0.14699293034500657 -0.013882526714645427 2.0653848310922203 0.14709678731762002 0.9890988669240072 0.00677705900446696 0.24336204807539952 0.01273501108589009 -0.008744858163357625 0.9998806410615468 0.10546631894938983
0.9846977758416527 -0.173457036483737 -0.016821266915572432 2.2669108188982867 0.17361299490116866 0.9847790298140485 0.008291704180565176 0.3014025016891884 0.015126975861068556 -0.011085212976938017 0.9998241055685042 0.11346053691866867
0.9795224402846398 -0.20047065651275886 -0.018636338965339623 2.4950141596059763 0.2007006811424725 0.9795862121391593 0.01140401219183872 0.36829120039994695 0.015969730260670664 -0.014910811508326141 0.999761263920977 0.12234930089769824
0.9731265539131752 -0.22943467696289577 -0.019607328983403945 2.715195264958143 0.2296908789968888 0.9731899592777137 0.011973520156931382 0.44637456387449864 0.016334514341793584 -0.016155374743847855 0.9997360336255808 0.1286317695221616
0.9654340899920086 -0.2596676110699344 -0.02257781912406013 2.917625325018022 0.2599953690577436 0.9655223279357048 0.01300016324570001 0.5309163021049456 0.01842366650552906 -0.01842092885725439 0.9996605360390266 0.13801267568346737
0.9566243427248933 -0.2904960331755255 -0.021952901614894427 3.112866388186661 0.290854895308691 0.9566434526350631 0.015384938209369543 0.6116004198709803 0.016531835458805044 -0.021102714929829135 0.9996405970448871 0.145750271049227
0.9458219024476083 -0.32395373035111186 -0.021792606908056185 3.3001679879673578 0.32436363535700063 0.9457420733930797 0.018976948922826392 0.7013579214806804 0.01446253125787217 -0.025017542703730997 0.9995823663750711 0.15608760565484645
0.9354454502883541 -0.3526314670225096 -0.024348845439456642 3.5090872488721536 0.353202983149072 0.9351980014981341 0.025540411248888426 0.7998492436659317 0.013764638329615074 -0.03249174582606957 0.9993771913577646 0.16513461968454402
0.923186094705821 -0.38347631011273275 -0.02594922731029738 3.7434352060847536 0.38414083946332206 0.9228149459028249 0.029126499842081127 0.917547132251161 0.012777011550131208 -0.036857337023774125 0.9992388273604408 0.17351142939002173
0.908176293302109 -0.4176258703556594 -0.02836302112932938 3.9115264719779903 0.4183817509218127 0.907769069702287 0.03019914743353521 1.0214354067911044 0.013135127517065259 -0.03929271959720232 0.9991413814035884 0.18442561673079194
0.8926081621445667 -0.4498148614770189 -0.03028642503123038 4.1234606908585025 0.4506189393248917 0.8922396372673723 0.029171272323420493 1.1509635196580628 0.013901076508167362 -0.03968615185918881 0.9991154682236826 0.19674826103002938
0.8723761867141823 -0.48776827713044657 -0.032278552524566455 4.294726119572611 0.48869190695556075 0.8718155126757937 0.033434919653712536 1.2851861980122035 0.01183244913730568 -0.04494209438515425 0.998919491611308 0.20409717729905488
0.8495060394979072 -0.52672876966665 -0.029938275432970715 4.484167836100232 0.5275329101691703 0.8488123991998844 0.035021444448392426 1.4419966943144193 0.006965176589102262 -0.04554435339882408 0.9989380098934422 0.21343282935422672
0.821328618434716 -0.5697279334223254 -0.028799143950991025 4.647350284275258 0.5704481875911545 0.820523793340152 0.036462744753023496 1.5960961318690816 0.002856538218483763 -0.046376314478355225 0.998919930257734 0.22312601059859674
0.7878419445128723 -0.6153175968250222 -0.026255166682362573 4.822069287152215 0.6158649494939945 0.7868378335645905 0.03995684640222506 1.783365114904184 -0.0039275925517231105 -0.04764931566984026 0.9988563791427919 0.22348632154202952
0.7514555877891935 -0.6591852406789447 -0.0280949519540849 4.982516360245065 0.6597656471688432 0.7504387523216584 0.03938187080446733 1.9725144219717754 -0.004876407584900599 -0.0481298102077065 0.998829160287054 0.22837401186947046
0.7125475677152623 -0.7011167007747081 -0.026671031320796512 5.142490226604381 0.7015721654525302 0.7115190011905348 0.039206753567987904 2.177615161523119 -0.008511564377967277 -0.04664832926374555 0.9988750853185028 0.2264760345760309
0.6727613084467762 -0.7394526512509826 -0.024535824598680554 5.3185784559345395 0.7397735440135577 0.6718073081260044 0.03755004985858806 2.4088688977475297 -0.011283137832412379 -0.04341317378231521 0.9989934617224011 0.2309652772667145
0.6279174521280231 -0.7779597959419162 -0.02232123394722865 5.4959546100390675 0.7781462529741884 0.6270197763816137 0.03653177968360872 2.678051519348624 -0.01442440088161886 -0.04030812578190827 0.9990831502314818 0.23486597730358885
0.5762687034502686 -0.816860648847279 -0.025555235518608808 5.660167969496413 0.8170971635600395 0.5752472238685198 0.03798445276648654 2.9647522062212217 -0.016327426532467836 -0.0427703609639065 0.9989514806972104 0.23359037885331702
0.526058789416449 -0.8501427125223271 -0.022793128279004485 5.816487377898742 0.8502045872206642 0.5250777318344271 0.03801969645886033 3.2866887383734027 -0.020354003799499764 -0.039379416894036894 0.9990169795732808 0.23665761061616927
0.4748300906605532 -0.8797889381821804 -0.022534807064304108 5.946244507203467 0.8796864156075956 0.4737002388141184 0.0419506360044553 3.605039828859966 -0.02623296195355105 -0.03974298711425957 0.9988654945004781 0.23616227174208418
0.421884075714839 -0.9063720002265843 -0.022441749872945484 6.044468384567412 0.9062396576249829 0.42081962112787274 0.04050297939433574 3.905105891820215 -0.02726683766875438 -0.03742516492354806 0.9989273377054492 0.2330094429505795
0.3731140263358556 -0.9274795751116962 -0.02382371457050409 6.172816435290068 0.9272689628293023 0.37192662699717166 0.04292804004665832 4.296875222253292 -0.030954206377404016 -0.03810804412561683 0.9987940545987299 0.2288554565558883
0.32557722168536257 -0.9452714595076409 -0.02147903242229495 6.288399116831278 0.9448625937749243 0.3244244284177673 0.044535727781167156 4.691587853738006 -0.03513002935459138 -0.034794551990502916 0.9987768367411368 0.22457587948342786
0.2826919742324974 -0.9590416670182038 -0.018009355939090445 6.385258773918666 0.9585100660435977 0.2817181899860569 0.04351179888660808 5.095510780877944 -0.036656064716122594 -0.029562584516344095 0.9988905525319314 0.21522910117956254
0.23486087774005573 -0.9718838143218249 -0.016799638100105832 6.477531559767289 0.9712430958517455 0.23394109288754109 0.04425353926151668 5.5396706597860845 -0.039079172524466695 -0.026709956852151915 0.9988790446801179 0.20436728149458577
0.1931163039046387 -0.9809317341525654 -0.02188685387430543 6.555512596661822 0.9804561934995241 0.19207243133001506 0.04258868006490657 6.014161258138779 -0.03757272623634628 -0.029683669145767304 0.9988529018081287 0.1871513146496093
0.15943257759352056 -0.9868683047409647 -0.025927023998981585 6.622519390915335 0.9866346123704345 0.15838927278470827 0.038274558882427326 6.493424969904674 -0.03366538626975092 -0.03168271005526735 0.9989308269706008 0.17106611459451226
0.12322648372272281 -0.9920205933288854 -0.0266530372491172 6.672369639482854 0.99198238273971 0.12237402218921019 0.03155175027716722 6.98766196732317 -0.028038346407486585 -0.03032735385512329 0.9991466619872109 0.1557682886418075
0.09514969869943711 -0.9951194170668396 -0.026151269334831154 6.7126586100192975 0.995237955439922 0.09453683929924843 0.023752052234325048 7.471916682494213 -0.02116386983379411 -0.028286735674328874 0.9993757554693103 0.14870496093537036
0.07147949925451265 -0.9971091820192007 -0.025767588035895635 6.741861862904845 0.997289066812142 0.07099223948967025 0.019354096917146478 7.979713692676522 -0.01746884879885828 -0.02708115423027657 0.9994805650078967 0.14433995477201203
0.04790536596533284 -0.9983990439969938 -0.030073794763544246 6.756500826517749 0.9987360755798245 0.04741967476012418 0.016660963337253417 8.485863022832763 -0.015208200147837766 -0.03083393251458858 0.9994087895727429 0.14163680060631376
0.03392196443263758 -0.9989003368449882 -0.032363956091042964 6.7683262464944685 0.9993401484007803 0.033480681744841326 0.014080968094451956 9.013328792030238 -0.012981916321631768 -0.032820253969773706 0.9993769309921474 0.13869661319929072
0.02983586787113126 -0.9989718020054716 -0.03413455815123412 6.786187834381931 0.9995108333671439 0.0294968807392024 0.010391820179576405 9.617570850883245 -0.009374272238443487 -0.0344279088095581 0.9993631930065795 0.13932560744172734
0.024518639802307122 -0.9990217716324158 -0.03680141818648928 6.798588883508182 0.9996310668428544 0.02407007940470978 0.012582662609232827 10.122384345257323 -0.011684540705681756 -0.037096349839103385 0.9992433546230958 0.14718404740798485
0.020649011392554747 -0.9990193856109493 -0.03916495596696672 6.805324647198748 0.9996847072767203 0.02007133718773586 0.015086065717220529 10.74198731598619 -0.014285178910023648 -0.03946411900343386 0.9991188449809648 0.14486260225229067
0.015585841242268892 -0.999073052096573 -0.040126380363442946 6.81532288418275 0.9998017053588993 0.015074669581267465 0.013010235075598557 11.279335505297592 -0.012393283200337534 -0.0403211980860554 0.9991098823141161 0.15362594613864738
0.014165857159618244 -0.9990988580822281 -0.04001010551827816 6.818742689088605 0.9998158412544108 0.013635288178515918 0.01350275569259349 11.890472667635281 -0.012945038328576167 -0.04019401452756498 0.9991080104774134 0.1594244477263318
0.013247605295788995 -0.9990590328800759 -0.04129840249352255 6.823856724724074 0.9998170135792607 0.012665078140881783 0.014335169039952234 12.438447861128504 -0.013798632467192835 -0.04148075120635838 0.9990439902440219 0.15779397428415137
0.012918392318058225 -0.9989941038863543 -0.04294070113632661 6.828999867141613 0.999805784871093 0.012265900045066168 0.01542407704377592 13.093887157698633 -0.014881855509852993 -0.04313161476220917 0.9989585294725172 0.161862937335704
0.014356332988706986 -0.998809909215592 -0.04661190008700566 6.835175947504192 0.999817032221948 0.013750300818597083 0.013296361327991373 13.670877002502458 -0.01263960966018501 -0.04679425764529395 0.998824552732045 0.16615304590656843
0.012274510457066234 -0.9986660805889948 -0.050153804919643864 6.839844949322056 0.9998799090628759 0.011784053046790388 0.010063074305377312 14.211450485312184 -0.009458635766808486 -0.050271300220310705 0.9986907829778424 0.16720752242030784
0.014136504659888376 -0.9985932680150053 -0.05110433039357653 6.843823256340321 0.9998885645642959 0.013872837409852175 0.0055104223088419755 14.84752797552957 -0.004793708493616883 -0.05117653266880291 0.9986780924222693 0.17607735397550608
0.014669657778616802 -0.9984469627372924 -0.0537445068374163 6.850811114630182 0.9998923745672076 0.0146510708577676 0.0007398130449844656 15.491400526276822 4.875050101356068e-05 -0.053749574337033625 0.9985544203013083 0.1927614666007697
0.020304722044402267 -0.9982033914707619 -0.056371231961271716 6.864126861341613 0.9997930486039034 0.020342393000036263 -9.449134890456273e-05 16.22570159431275 0.0012410473352360233 -0.05635764617970303 0.9984098481785427 0.20691941923000068
0.022648084561462316 -0.9981178217375433 -0.05699023135118561 6.8795922086501635 0.9997429693153292 0.022668874227539847 0.00028171633730859273 16.8942059493177 0.0010107182868859255 -0.05698196238610601 0.9983746710691727 0.21586846995363115
0.025803382154772545 -0.9977526472681097 -0.06183727526918191 6.891635335502891 0.9996575283722792 0.026023255284972468 -0.0027528296839855067 17.590847341399634 0.004355850266033302 -0.061745064328842046 0.9980824229595433 0.22839988085712157
0.021513309279366184 -0.9978638316973645 -0.06168435124054713 6.914379039199455 0.9997574668894325 0.021762507417423214 -0.0033708438116065486 18.283886803476783 0.004706049232601458 -0.06159687162739879 0.9980899898945205 0.2339536638931448
0.02288297556615927 -0.9977125370076446 -0.0636087352560214 6.9331750546559645 0.999722986445838 0.023186479093792296 -0.004037261115925306 19.040580333110967 0.005502888591094243 -0.06349872909689898 0.9979667224118941 0.24002835016308718
0.024066405809096837 -0.9978174353848788 -0.06149131668160926 6.954542567977551 0.9996557764462362 0.024662175084623296 -0.008948053198238156 19.820738681888514 0.010445033010620245 -0.061254801335989525 0.9980674826984404 0.25105387425521736
0.0213845649670828 -0.9977539222727556 -0.06348085730646301 6.971610525818801 0.9997137052142966 0.022021753761566093 -0.009354778791506861 20.607111889871756 0.010731726936163737 -0.0632626340658348 0.9979391858171149 0.2751252990923686
0.018907536142491396 -0.9978912009740828 -0.06209399624267981 6.993748102142918 0.9997319539435782 0.019699218359354037 -0.01216235908269101 21.38630495912612 0.013359914173134011 -0.06184739083523155 0.9979961735204534 0.2988097077566082
0.020080963552797076 -0.9977290916487342 -0.06429170128753706 7.006017549548587 0.9996515939897005 0.021138165599296054 -0.01580602755971039 22.19057565515068 0.01712914197914195 -0.06395190027455487 0.9978059412368911 0.3212244678431773
0.016933091838679123 -0.9978049102736076 -0.0640206194012822 7.028433876851841 0.9995634380511721 0.018443827610919897 -0.023080737697265295 22.966210966942846 0.02421085843372537 -0.06360184105292789 0.9976816073126168 0.3463446792972828
0.015600414895109417 -0.9976299760880004 -0.06701541717858124 7.036990444931096 0.9994538047364617 0.017511503775923868 -0.028025012963190616 23.75661714627737 0.02913213345169316 -0.06654161068418533 0.9973582517177132 0.3743109139708316
0.018306158953383566 -0.9977506171839851 -0.06448719816532171 7.046693342141805 0.9992237002998793 0.020507198582741578 -0.03363649035758081 24.567774209772907 0.034883280440385134 -0.06382138070046127 0.9973514613878652 0.41202463518960025
0.01928073446768472 -0.9975033822675551 -0.06793573372708618 7.060795276899248 0.9994129439756528 0.021153062098508497 -0.02694953239011311 25.465171757660595 0.028319298219002607 -0.06737624369733386 0.9973256281450542 0.45513259581551563
0.0178525039580288 -0.9975099703492208 -0.06822869946135657 7.073360084372283 0.9996158499197211 0.019253733442106673 -0.019935101105449514 26.2489847612675 0.02119911909485763 -0.06784659675478191 0.9974704938391421 0.5012303352398563
0.020655742609597474 -0.9976937277943595 -0.06465735913957035 7.083150877873436 0.9996702452156502 0.021596845434876433 -0.01389024895437069 27.029966035572443 0.015254609100980613 -0.06434912352024871 0.9978108220623075 0.5417431513329266
0.010943034650444274 -0.9976902052531487 -0.06704112624674458 7.090004062326161 0.9998867904560693 0.011610152327122933 -0.009569354872293174 27.860383901376338 0.010325609220491708 -0.06692881760424367 0.9977042971690708 0.5731454984151241
0.006814896423400327 -0.9971877266232073 -0.07463379484282368 7.0925507756152 0.9998735751086661 0.007867350047719202 -0.013816675465225662 28.62881729055386 0.014364989251977447 -0.07453019881734727 0.9971152621283775 0.5927518962916681
0.006148288196454059 -0.9971886157043862 -0.07467979335593956 7.101511990338435 0.9998293292456081 0.007431193893301336 -0.01691306169408708 29.39957154320563 0.01742047243687023 -0.07456306007749397 0.9970641035727151 0.6132957501720961
0.006552472425305059 -0.9970694524206548 -0.07622060370105713 7.106309168572874 0.9997509849361496 0.008157824930911202 -0.02076968776524573 30.145971183258332 0.021330615341843846 -0.07606552955643883 0.996874610712773 0.6352890997253965
0.0069296817384057055 -0.9971049868319637 -0.0757207568616196 7.114552616533128 0.9997065003898153 0.008665731573295324 -0.022622557170178408 31.07499520313346 0.023213240096716044 -0.07554176447335609 0.9968723773511683 0.6655622230214006
0.010355783064057801 -0.9969156833422292 -0.07779387082083723 7.113946373951857 0.999609453699377 0.012340269596517328 -0.025072290270107895 31.9254198915819 0.025954956470326127 -0.0775038442387221 0.9966541244504782 0.699321911395845
0.01062838727461236 -0.9966108304216265 -0.08157143093093341 7.117634163012174 0.999555097053359 0.012862311378329465 -0.02690967890791517 32.7503861149359 0.027867674310873475 -0.08124913175862082 0.9963041306439914 0.7361724536892845
0.008816140624332057 -0.9964275136567382 -0.08399103503473412 7.121912569767818 0.9994010918954663 0.011590778884453317 -0.03260480457342717 33.59752542512812 0.0334618455363481 -0.08365328224267607 0.9959329207756087 0.7671057422272654
0.009757132844872902 -0.9965977469912264 -0.08183970506130869 7.121324559800087 0.9993672558840129 0.012518141609654723 -0.03329182956475116 34.41537958871284 0.03420304301317552 -0.08146308735009443 0.9960892864946074 0.8112212521688398
0.009667419437914356 -0.9966836670540539 -0.08079738302048042 7.121558189605159 0.9995477844421424 0.011932685245679824 -0.027600716619354815 35.276168764222824 0.028473312911786303 -0.08049401617686204 0.9963482991569027 0.8468591201342031
0.006311639413663299 -0.9965663664326381 -0.08255694263369792 7.131867740541128 0.9997782417147923 0.007947425375231935 -0.01950045491401483 36.17657524980989 0.020089612444914848 -0.08241555378238402 0.996395520557907 0.8851182696586882
0.008203832898789133 -0.9969706016855765 -0.07734548968318078 7.142419544191448 0.9998312885681705 0.009449277263173801 -0.015750158017796022 37.06036403292452 0.01643330333648232 -0.07720322767881373 0.9968799113226883 0.9247414305180164
0.010696825412459705 -0.9970415846582585 -0.0761161261632937 7.156749303321523 0.9998882526608104 0.01146005437980144 -0.009597461268138242 37.9624114940759 0.010441362841312557 -0.0760049567619622 0.997052743795901 0.9507774635166291
0.005622556521508429 -0.9970422000666264 -0.07665015602284389 7.170033668381076 0.9999395642229559 0.006329782398569844 -0.008986861224127068 38.80028940109086 0.009445458612592586 -0.0765949932107111 0.9970175222873242 0.9787528662613029
0.0073465035265654205 -0.9969372296383985 -0.07786011379847732 7.167732328445966 0.9999178224579096 0.008141701160220685 -0.009900654095557572 39.67304456733734 0.010504244350227322 -0.07778097897796012 0.9969151065066509 0.9942544669018443
0.007882432584727601 -0.9963541497361591 -0.08494871296226486 7.167329390484235 0.9997865154559646 0.009474998546076115 -0.018360551005951874 40.536090130465524 0.01909849993426744 -0.08478585056948054 0.9962161192556448 1.0074255823635088
0.008074642349639019 -0.9961595712260584 -0.08718323852383444 7.182697992566012 0.9996432877220155 0.010260855712001152 -0.024657130219213376 41.41281747330334 0.025457010647942188 -0.08695304031189173 0.9958870713141603 1.0387631242592708
0.006740612294802275 -0.9961050830364988 -0.08791607343713645 7.192815189950472 0.9995456130540958 0.00929456686609457 -0.028672990240877477 42.187790955180546 0.029378452857968144 -0.08768285063051083 0.9957151066616826 1.0639689797648395
0.007308216389039847 -0.9960605071620982 -0.0883745682821576 7.200188754363331 0.9994141027767999 0.010230647150826583 -0.03266109226570968 43.012610830754085 0.033436552819445665 -0.08808409415408194 0.995551675561803 1.1049930141067525
0.007126339422868043 -0.9960072344908947 -0.08898770927545548 7.203210072458458 0.999242102810206 0.01049837046511518 -0.03748287752140505 43.786081215569546 0.03826744273717641 -0.08865314864287897 0.9953271680625255 1.1496767586029368
0.008617368499907128 -0.9959068526730482 -0.08997382971099419 7.206068399979741 0.9990722064069624 0.012371509422376532 -0.04125086736064943 44.578719867382546 0.04219513314122367 -0.08953487724408854 0.9950894562386774 1.1853338405842662
0.011363476183197496 -0.9955304319743368 -0.09375520623350568 7.21575305799353 0.9990564626647134 0.015233896397213413 -0.04067031751411628 45.399462408461865 0.041916795439428174 -0.09320458707445438 0.9947642115746202 1.2245586838712423
0.010825098335165515 -0.9954811392696327 -0.09434048377197836 7.214556861325357 0.9991213864703972 0.01458802803484595 -0.03928875734603498 46.14546243170112 0.04048745813811059 -0.09383228884116808 0.9947644026228766 1.2648577127286575
0.010103585658183417 -0.9952628029271906 -0.0966947720418356 7.216317765724515 0.9993136543438874 0.01349625069342119 -0.03449686039852736 46.905984683481236 0.03563845850005339 -0.09627986255216307 0.9947160588650324 1.3135591006132834
0.006052350876705009 -0.9950879051878702 -0.09881011219275167 7.2176426286737145 0.9993123874197561 0.009633288126834177 -0.03580382699603858 47.672595297115855 0.03657982111933349 -0.09852547030073734 0.9944619639836418 1.3550643537215625
0.00854200573324517 -0.9950713062266273 -0.0987934103893019 7.219036732893929 0.9992150423106341 0.012315654777938036 -0.03765084043973371 48.436155086941795 0.03868197612611872 -0.09839424655647554 0.9943954074656961 1.3909723787987331
0.005221905130695782 -0.9951298948891947 -0.09843389801531084 7.220131819994589 0.9990758064648236 0.009391521513688423 -0.041943940904376906 49.25131256920643 0.04266411314703609 -0.09812389727496146 0.9942592336278581 1.4308313726013826
0.003224598731990439 -0.9949447643748861 -0.10037193870740019 7.22048047990516 0.998962083922004 0.0077654239668842485 -0.044882234738155564 50.03632532863555 0.045434774669515725 -0.10012303235261447 0.9939371253075083 1.4656242998164173
0.005350640703069282 -0.9945986028955839 -0.10365808234808166 7.2196354729408645 0.9988140184332399 0.0103320559186292 -0.04757906178149371 50.7856657580864 0.04839306899136947 -0.1032805657673169 0.9934743001354818 1.5103860734105858
0.005667250792613717 -0.9942322522669974 -0.10709864188872674 7.22446313427983 0.9988331312309332 0.01076484978078275 -0.04707925108660867 51.55385410172341 0.0479606101520578 -0.10670686032856991 0.9931331105415665 1.5582224100119213
0.006310574310845833 -0.9941173671662251 -0.10812421201665477 7.226032540246432 0.9988418037246675 0.011424050893672296 -0.046738678966152476 52.378105238323364 0.0476989484995074 -0.10770403346321197 0.9930380661933874 1.616146180203434
0.007068735130503799 -0.9936452201126607 -0.11233529189341883 7.225772158508249 0.998807151475682 0.012443455429088772 -0.04721648542921638 53.05071664708774 0.04831427376823322 -0.11186753044692145 0.9925479011127175 1.6545213813768267
0.00960372328893426 -0.9933342388883882 -0.11486891061065567 7.218680344778589 0.9988805463928455 0.014850928786330025 -0.04491175648294033 53.77633450098698 0.04631829498708454 -0.11430899845734618 0.992364861249366 1.6944566216110957
0.009190455359477004 -0.9929447648013345 -0.11822113963995859 7.23162047040874 0.9989780896191438 0.014349067861615078 -0.04285840210108091 54.560482084709534 0.04425238870376199 -0.11770643830844986 0.9920619284581258 1.7388766770313075
0.009942915878387271 -0.9927200098113939 -0.1200338652954411 7.240142533151938 0.9991220925075918 0.014748192202506706 -0.039210929704337844 55.39917890140108 0.04069575662794836 -0.11953861398087709 0.9919951232648853 1.7885635120167984
0.010260819063114886 -0.9925695959357083 -0.12124488067560374 7.234861646424315 0.9991787843522836 0.014930265664710242 -0.03766704110682721 56.20949345113189 0.0391973776568399 -0.12075881606702772 0.9919076687616757 1.8308801585806918
0.01133582565639838 -0.9921658250400502 -0.12441255142929325 7.247348148274525 0.9992639715796413 0.015800071824292553 -0.034954752917142305 56.951554588498524 0.03664663814788946 -0.12392473751603598 0.9916146594143033 1.8672595462859716
0.008653357392213009 -0.9916662916765375 -0.12854218619663133 7.259428974159246 0.9991946166940625 0.013611840998076675 -0.03774649218825464 57.641656242336886 0.0391816193394685 -0.12811202478071637 0.9909853980931442 1.9034585816873328
0.0050005817336675725 -0.9916407329997197 -0.1289327697366583 7.257997215596672 0.9990746331403266 0.010462211655102095 -0.04171787939331116 58.34214560642367 0.04271806999932217 -0.12860484415587195 0.9907754084435496 1.9425044321772278
0.005940540658025997 -0.9912640563739876 -0.13175844865336198 7.249914932846958 0.9988577523063387 0.012129227933773929 -0.04621725224987876 58.9925123067325 0.04741162871868218 -0.13133339057209986 0.9902038312410145 1.985460278302815
0.0072365139944372036 -0.9905536846144496 -0.13693443334606625 7.261909442880861 0.9987892626646353 0.0138231591283414 -0.04721113190569081 59.64703878657795 0.04865802663582722 -0.13642699581471798 0.9894544055580246 2.0203181579907183
0.009392312753549946 -0.9905130589599759 -0.13709731129658648 7.264970432231485 0.9987867766824655 0.015920560186275436 -0.04659906013940453 60.306021396463336 0.04833964311104084 -0.13649330681052105 0.9894608660887665 2.0617848096360016
0.010829696019456395 -0.990280128435504 -0.1386650395151933 7.278723310003554 0.9987086355387732 0.017595435951871838 -0.047659457112051815 60.9785941021787 0.04963608462932542 -0.13796983307853927 0.9891918588849467 2.1015635741512897
0.012686003830060348 -0.9899010475572132 -0.14119132277097513 7.287358079683693 0.9986060052402195 0.019777568769138845 -0.04893726586174498 61.62303499649593 0.05123547131703233 -0.14037368254029106 0.9887720187941732 2.139385931353683
0.020108039195322766 -0.9895030244639734 -0.14310639262531324 7.296590293773426 0.9982487874898482 0.02783475700744444 -0.05219718857998418 62.31143763599154 0.05563260706437624 -0.1418061978671159 0.9883298865758328 2.179217487010559
0.02970773587924226 -0.9891996188054033 -0.14353248015008854 7.3080447801545345 0.9980068171924934 0.03735257123049451 -0.05086393789365951 62.97229602977032 0.05567589459009782 -0.14173533930701898 0.9883376132549149 2.223051192909731
0.04039288479402376 -0.9888718713154936 -0.14318116235340514 7.341144117735162 0.9974865035056956 0.04825709690784645 -0.051883425487133684 63.64740025345661 0.058215566673420684 -0.14072555384720759 0.9883355784917359 2.264210727944215
0.05291414588056789 -0.988180396628897 -0.14387357352185 7.375154043380717 0.9967786017547682 0.06096222815708925 -0.05211513926108714 64.201177696417 0.060270011967593594 -0.14065246943582568 0.9882228280708433 2.314716273536918
0.0712226508533662 -0.9869046498677371 -0.14472924496700845 7.417406186310366 0.9953877553882114 0.07967152961405238 -0.0534380548901775 64.80493626863988 0.06426906449461867 -0.14025571643809548 0.9880272115568114 2.3590830097692383
0.08984618255094479 -0.9853236203742347 -0.14513798568085087 7.469243614409418 0.9937089451341011 0.09846932576158947 -0.05335059664896283 65.35609471957977 0.06685924191317409 -0.13943156529012235 0.9879719782427268 2.403843982791198
0.10941253710943002 -0.9828778950898414 -0.14825636020387598 7.53912775452257 0.9914643114237983 0.11855241513968233 -0.0542568516940695 65.935264772219 0.07090400897949711 -0.14105450835428612 0.9874594658034681 2.450247778013611
0.1350030221478438 -0.9803645947947568 -0.1437339680024244 7.61089267899288 0.9882811401790921 0.14365845696124463 -0.05160036461206762 66.45362022910784 0.07123576981499954 -0.1350833627460484 0.9882701551850022 2.497176376859352
0.16705564317747743 -0.975367592724564 -0.14405026698729004 7.6998996840551595 0.983121409897792 0.1758434932445234 -0.050510604850978025 66.93256410436899 0.07459670837499795 -0.1331808181502649 0.9882804005937514 2.540159535996303
0.2010146594715923 -0.9690866520577675 -0.14305305223884007 7.7996111358941675 0.9764239516117035 0.20994555846506932 -0.05019054809470111 67.37108218296716 0.07867234226659583 -0.12959138881705737 0.9884415429999176 2.5855215908117932
0.2380404096719075 -0.9601630651211518 -0.14636823430733362 7.925410310391198 0.9676512223917206 0.24741901336129488 -0.049344762127331396 67.86250023288447 0.08359330120904306 -0.12988735164914267 0.9879986767682689 2.6369004939932883
0.2838663392468928 -0.9478518593894933 -0.14490259614068052 8.065953084000355 0.9547301277802722 0.2934136545998968 -0.04897726330929645 68.2973610636459 0.08893958935026593 -0.12443987594296167 0.9882329766521711 2.6856775229038425
0.3297287809925249 -0.9326741324419151 -0.1462802171613305 8.231076685911948 0.939060633400501 0.3399658667796174 -0.050875319561688004 68.72604072711614 0.09718037420748277 -0.12059093458188899 0.9879340822073427 2.73772003731364
0.37676515199769045 -0.9151885824433174 -0.14310096812883533 8.41859524327611 0.9207251806417197 0.38693491203619246 -0.050462634672469385 69.13633419203562 0.10155358639218694 -0.11274410089880682 0.9884207536392123 2.791439202420642
0.4235219228766647 -0.8945419143339172 -0.14291239490164812 8.616023972292805 0.8988966860821438 0.4345507414946338 -0.056128092211246 69.50149273213837 0.11231161687840432 -0.1046919991198833 0.9881425177856407 2.8443404925173845
0.46813258051016216 -0.873050792002884 -0.1365071790122947 8.849867663721565 0.876168013403012 0.47866365309803716 -0.056662875064116915 69.9113532962321 0.1148105915351999 -0.09307748454093338 0.9890172189422053 2.911111212540795
0.5253046106219138 -0.8403717681906384 -0.13353039190147156 9.100950675540263 0.8426168520593885 0.535598714908443 -0.05595372313100752 70.27431914566124 0.11854063408500168 -0.08312220846720608 0.9894638780428341 2.9767662865289295
0.5728522605498316 -0.8084127750625993 -0.13531105266162213 9.349893847535602 0.8103714577162497 0.5833712476864723 -0.054553183315361235 70.58727469271139 0.12303806639665543 -0.07840129940244446 0.9893001667293323 3.0323900849477607
0.6193414636410917 -0.7742025024578392 -0.13048618653631858 9.598637265382552 0.7750336862635673 0.629437508303594 -0.055956860308095914 70.8661062970609 0.12545483982123204 -0.06647478532719416 0.9898697568379572 3.0855099165392152
0.6581173291838082 -0.741350305407668 -0.13145841157487548 9.859679631783031 0.7415600718683215 0.6684444837294818 -0.057189106484946316 71.12568284852428 0.13026980996635207 -0.05984716613392142 0.9896706738801415 3.140417862434928
0.6955766157376906 -0.7066628643815559 -0.12961780748345017 10.162771601898633 0.7057775419135881 0.7058316626897114 -0.06066042526525284 71.40592378043522 0.13435482073274227 -0.04928736338104922 0.9897067683804741 3.1983319655433573
0.728169913826267 -0.6721557358964617 -0.1340718149858274 10.442763696369662 0.6710795924460805 0.7389587898659236 -0.05993370838320483 71.63946509375273 0.1393583302423784 -0.046330934879224184 0.9891575454327676 3.250982548544764
0.75856443224096 -0.6365178434671065 -0.13937376137851368 10.750748469494816 0.6340683002911316 0.7703538192549019 -0.06717399529261378 71.87605818521038 0.15012455409778458 -0.03741667967946288 0.9879587844439716 3.317076010246868
0.7942549884146886 -0.5888576407264491 -0.1496853386618883 11.089178129173524 0.5858409846447948 0.8075440407607307 -0.06828561239763072 72.10031503077143 0.16108800580133711 -0.03345561726521102 0.9863728126229231 3.38333956989706
0.826895892740315 -0.5392459028110271 -0.15955264693692345 11.487527989045272 0.5354104129748833 0.8416949477639987 -0.06989468152080941 72.33751149946256 0.17198507530173962 -0.027630522957434164 0.9847119566126216 3.470471369394031
0.8572140770406081 -0.48893855430542804 -0.16162649693350795 11.882975312932789 0.48356589923883436 0.872191068682195 -0.07380191544004247 72.54373250342827 0.17705378669433192 -0.014893021101781149 0.9840884634833211 3.554820742057653
0.8817204474469131 -0.44251080899210565 -0.16356419153662108 12.287356743030232 0.43524798646022944 0.8967628078524827 -0.07984747117547518 72.7224672297355 0.18201165043472872 -0.0007878367779435855 0.9832960326577859 3.641334280339623
0.902645756854923 -0.3966683063014628 -0.16698772614055574 12.745690798670763 0.38836893047733195 0.9179235615784175 -0.08115337859484341 72.90335795673532 0.18547293921241106 0.008399908355424979 0.9826134437207918 3.736135346644547
0.9225577929161508 -0.3487221493415203 -0.16516655097861696 13.238377250021644 0.34005247007481915 0.9370757560516837 -0.07907785362825065 73.07207354033385 0.18234976739319933 0.016788596484852848 0.9830903594182068 3.8319321048868127
0.9357733368782674 -0.310927081996604 -0.1662907692647162 13.767466320922798 0.301673633226329 0.9501383012735409 -0.07893154874527565 73.23552675220053 0.1825411828244793 0.023696498135988384 0.9829125810418927 3.9449122818129743
0.9487977137897665 -0.2677431486629163 -0.16762014474770406 14.289794255849722 0.25770702310609667 0.9629535434270868 -0.07941993050414288 73.36437809139524 0.18267455225499796 0.032156559785902254 0.9826474001606454 4.0516210336281615
0.9587865302555344 -0.22907008279165347 -0.16809311361337648 14.82550112890006 0.21842683241416977 0.9726062483361231 -0.07954097370107727 73.47667421948839 0.18170886769894956 0.03954676754578143 0.9825568126055355 4.165537920408608
0.9651954106500553 -0.1991324799052415 -0.1695408003423393 15.354469931276968 0.18829718343288707 0.9790162636185435 -0.07791847149360481 73.58624664945752 0.18149929700487957 0.04328249557127754 0.9824380795679495 4.270100339740038
0.9704926842638915 -0.1747828564027399 -0.1661171609793134 15.881133957783454 0.16397447545071175 0.983470457003278 -0.07679969739979045 73.66297473349526 0.17679458841661172 0.04729456975438122 0.9831108007745886 4.3751257250571305
0.974823728805888 -0.14761177208480356 -0.16712112605182505 16.481269918945465 0.13742638703693005 0.9879628212202439 -0.07101699761876806 73.74315548159646 0.17559240176607097 0.04626220148363476 0.9833753436898927 4.492237609517638
0.9779762971519386 -0.1252306928626573 -0.16697198581793127 17.017299154590887 0.11410739332867695 0.9906588490534147 -0.07466263789989086 73.79987925997241 0.1747623268961782 0.05396555160499341 0.9831306107324226 4.59014919369915
0.980390081271704 -0.10720952079284524 -0.16535239783350988 17.57634394592999 0.09640472045962559 0.9927300419470628 -0.07206355255714413 73.8537082201602 0.17187618952856826 0.05470963995823901 0.9835981802494775 4.695556363691114
0.981696884044247 -0.09167693014323898 -0.1669328506052333 18.13050416485723 0.0807797609096752 0.9942033789699466 -0.07095233181783697 73.89347104893356 0.17246989384828382 0.05616888677941982 0.9834119896031503 4.798127134137455
0.9824850250735283 -0.07558662878078906 -0.17032276808954475 18.689568751870482 0.06377607826949493 0.9952328163765716 -0.07378492370391397 73.93112453051951 0.1750879595364776 0.06163006384029297 0.9826219471789231 4.9025358698977
0.983795513119405 -0.05732328880421602 -0.16988359897487465 19.30209182659811 0.04595550914629611 0.9964800626012944 -0.07011089740900965 73.95892983392898 0.173304604299533 0.06116769841524594 0.9829669252932511 5.0246355208931845
0.9842299975887039 -0.040449914751223066 -0.17220663319692356 19.961397536710084 0.02915827011428405 0.9972861093397711 -0.0676030570326224 73.97542202498748 0.17447381884231514 0.06151570853241539 0.9827383444048767 5.146751330084391
0.9843411291168038 -0.029039105696989972 -0.17386569570572563 20.636325943719157 0.018281731550535387 0.9978361351273796 -0.06315684954016745 73.98510109123679 0.1753234899794071 0.05898931803239815 0.982742022934207 5.287598190453084
0.9835975374578086 -0.016109290346332843 -0.17965629225087967 21.37409201972128 0.004786511478223503 0.997984255652772 -0.06328093469065199 73.98834361768942 0.1803135597098164 0.06138304401312129 0.9816919534730646 5.423163053879666
0.982832913188818 -0.007236588391971876 -0.18435591885016253 22.084829087018505 -0.004584813712964132 0.9979639089084049 -0.06361586215516882 73.98553309935484 0.184440912837217 0.06336900003535013 0.9807985873397239 5.554575806710794
0.9824175300983763 0.001443970831927929 -0.18669150965564482 22.825133897457153 -0.01422946375446988 0.9976405423970788 -0.06716273107307219 73.97782360015952 0.18615403553284324 0.06863836375011914 0.9801200944261103 5.705583808271538
0.9836966901925228 0.01027158081482256 -0.17954198563484125 23.57040847722231 -0.02197514476816505 0.9977513600971316 -0.06331886255306055 73.96980350307592 0.17848787323047657 0.06623201597206321 0.9817104199259788 5.860389731083318
0.9849181919578706 0.01503322580803705 -0.172366370113502 24.319617641284474 -0.026781696419184934 0.9974575933360756 -0.06603826278291823 73.94753919365537 0.17093537434946585 0.06965854946518593 0.9828167345460282 6.00706467372312
0.9853209780066422 0.01664344987137136 -0.16989871732969056 25.142591605607 -0.028408106369486597 0.9973450426479344 -0.06705078162378954 73.92655998714442 0.16833168494540163 0.07089304183376077 0.9831777915943294 6.166160247149568
0.985343056789776 0.01725982326910663 -0.16970906637761127 25.93235714762706 -0.0291215061985748 0.9972836336953255 -0.0676554045028582 73.8974404237306 0.1680803518529567 0.07160596597612705 0.9831691260301636 6.306838044783594
0.9852679531663264 0.02183088789547144 -0.16961863420919934 26.602358458875344 -0.03389625996006005 0.9970706077104363 -0.06856536092614397 73.8795063378138 0.16762490977653802 0.07330468938370077 0.9831216921409426 6.429127416102745
0.9850767368779769 0.0303403727282962 -0.16942046074310582 27.27857896904184 -0.04199877831631342 0.9969578648042299 -0.06565881771094731 73.85141486878126 0.16691294559613068 0.07179442552930096 0.9833542487204926 6.555450865327535
0.9845069291944757 0.03487097760817758 -0.17184332853670767 28.08758267685584 -0.046972408130511095 0.9966557217174996 -0.06686499203964759 73.81767636343912 0.16893698676584554 0.07390094218041936 0.9828524277167079 6.710085651813317
