1.0000000000000002 0.0 0.0 0.0 2.168404344971009e-19 1.0000000000000002 9.791700870259712e-19 8.673617379884035e-19 -8.673617379884035e-19 1.6601845766184287e-19 1.0000000000000002 0.0
0.9999974007875855 0.0006413664123429605 0.0022027992770022606 0.8098574193886425 -0.0006476931423530581 0.9999956232795232 0.002872532466640897 -0.006395829661277718 -0.0022009491316608175 -0.002873952051894043 0.9999933759328914 0.18041699312655718
0.9999940600595071 -0.0030079085915055443 0.0017022306144298459 1.6830801262215747 0.002994602415137891 0.9999653194907443 0.007765931980732801 -0.001386903737696418 -0.0017255326672772188 -0.00776078834343964 0.9999683236925259 0.20231237941486643
0.9999905406903582 -0.00402267678879358 -0.0016738753581763933 2.4656043633640734 0.0040371957820668795 0.9999534116240846 0.008763170599262765 0.0019319402564747464 0.001638543884237746 -0.008769845397902815 0.9999601295415603 0.20777201885298907
0.9999955614710387 -0.0021641199548640567 0.0020637055263914425 3.2595519703677116 0.0021469448217639906 0.9999633038560829 0.008288491813345325 0.004497444035453482 -0.0020815689373892138 -0.00828402432695072 0.9999634481814059 0.21168631439027422
0.9999930960358692 9.93677882242188e-05 0.0037233404486209463 4.049867278837771 -0.00013575960709481813 0.9999521737749396 0.009774930152293224 0.003184980873241153 -0.0037221928072226846 -0.009775368019679275 0.9999452200735416 0.22424674307813455
0.9999869514472768 0.0012566633901173654 0.004958123613085645 4.8509487962097015 -0.0013268475995388742 0.9998985716935971 0.014177564245400977 0.0129482094634175 -0.004939805960186056 -0.0141839575191436 0.9998871283066446 0.236284714483876
0.9999766655016877 0.0004362661034420746 0.006822270990656786 5.618485548370494 -0.0005645452803616847 0.9998228311665243 0.018812365458987255 0.02057091794404003 -0.006812856647944749 -0.018815777262779113 0.9997996835353719 0.24255096620295444
0.9999763263989876 0.0018926231297160733 0.006620413637500605 6.371729226845288 -0.0020132387270355542 0.999831208563265 0.01825975849042984 0.020231293400074426 -0.006584738889344197 -0.018272654026734662 0.999811285701315 0.2424407353028523
0.9999128799172928 0.005349769804600671 0.01206970571308773 7.081509365557194 -0.005605272276317545 0.9997587498927571 0.021235358790468267 0.02377104643809312 -0.011953190833215607 -0.02130116190284597 0.9997015741798306 0.25432098331954195
0.99982901195829 0.007856766441766659 0.01674166434517374 7.8116141178531056 -0.008255896225383032 0.9996800717512442 0.023906313984448115 0.015710460340803402 -0.01654848281402815 -0.024040442716735416 0.9995739394950606 0.26325785757609504
0.9998365293872086 0.01254573539644878 0.013022453062358528 8.470402787448519 -0.012867565819550845 0.9996063109141082 0.02493123458529158 0.0050556209219781365 -0.012704546760181498 -0.025094725257891564 0.9996042741720281 0.26196130871753187
0.9998152091366234 0.01606879282039862 0.010554938836520911 9.048489404517115 -0.01633271114084811 0.9995435614947681 0.025413160931386795 0.000495241497767117 -0.010141763666881253 -0.02558085447950449 0.9996212383702947 0.26270005709555017
0.9997737353423454 0.021002050674465214 0.003384855172481393 9.669230046973952 -0.02109007814847756 0.9993713206227851 0.028497186663630512 -0.015726108412374915 -0.0027842296193599098 -0.028562124338730833 0.9995880695595679 0.2675112321095291
0.9996097494720463 0.027861249555323774 0.0020407819839985343 10.223675983840455 -0.027909293083956732 0.9991766426804313 0.029445298585605673 -0.028993159577792083 -0.0012187207687854602 -0.02949076300045754 0.9995642377078507 0.2721188041573628
0.9995666036794826 0.029389372162504014 0.0017131462329326207 10.787961373905802 -0.029427519338439137 0.9991179521453073 0.0299542373285141 -0.046100644852630254 -0.0008313008407602259 -0.029991667562997364 0.9995497308802804 0.28513386264330565
0.999465091172816 0.03262144493169321 0.0023319766165660356 11.215594487591144 -0.032671513944925915 0.9991205846730044 0.026278260722503662 -0.060966727127058536 -0.0014726928764396744 -0.02634039234069444 0.9996518747014723 0.2981698642040456
0.999486712771597 0.03203275261157672 0.0005282145492884441 11.607356543081755 -0.03203518518463737 0.9991103755784124 0.027424840001890317 -0.074382158429024 0.00035074649131950904 -0.027427683447679138 0.9996236566051901 0.306989377521918
0.9993045731536854 0.037283948641605225 0.0005852395049714095 12.015846640723723 -0.03728642773321132 0.9989578229932086 0.026323140294141126 -0.08953800469720802 0.00039679904188261156 -0.02632665486150918 0.9996532426203907 0.3164870434780445
0.9991330610450614 0.04163060549373587 0.000290293658231848 12.407947827960536 -0.04162337019632865 0.9987720723740867 0.026865591868612093 -0.10564983651058606 0.0008284916457474983 -0.026854382911160563 0.9996389405216225 0.32646593872179563
0.998956322623991 0.04565917707128043 0.0012531145931561059 12.796506969626884 -0.045676357753805935 0.9985630271910036 0.028026212674289383 -0.12579852063590852 2.833794671757903e-05 -0.028054198862567294 0.9996063309174661 0.33588936533441077
0.9988492634641117 0.047914644865753184 -0.002097842236132298 13.139648910013014 -0.04783680552568061 0.9984586516751537 0.02814033509948825 -0.1430987734967781 0.003442940718642532 -0.028007597725980996 0.9996017088400591 0.3459237686517174
0.9985823639774343 0.0531693837787606 -0.0025187773389763754 13.396698588255793 -0.05308414866783676 0.9982378170260437 0.02651888660311929 -0.16137854416766745 0.003924329449586976 -0.026347584248562383 0.9996450670761973 0.3580626768649686
0.9984994895527369 0.05470346657205503 -0.002522967574436293 13.64330437404446 -0.054616309226333405 0.9981465450507223 0.02684121638784925 -0.17389587697435538 0.003986596746056016 -0.026663144593063483 0.9996364536439899 0.36821636999131596
0.9985264431264212 0.054266978371314764 -0.0003204578019280779 13.850086148111245 -0.05423191545682349 0.9980615468366231 0.030528111624376228 -0.1826670994964069 0.0019765029051522173 -0.030465746340709927 0.9995337850334567 0.37866260096674986
0.9983731271594707 0.05680036815986416 -0.004988226155738695 13.99609381314482 -0.056592219933827154 0.9977849683063034 0.034962768659386634 -0.19505102539743782 0.0069630728154579154 -0.03462359229507382 0.9993760944512782 0.3925800804034002
0.9981035830148811 0.061123062779331654 -0.007298905862358575 14.126589836261612 -0.060815212991042054 0.9974705330823175 0.036796236610703276 -0.2049065991109486 0.009529539648380147 -0.03628256939710417 0.9992960615949474 0.4045365170115295
0.9981064735843959 0.060746731056478126 -0.009662676250972325 14.259174671850761 -0.06033305269970026 0.9974351107013494 0.03851026122348761 -0.21375937582280408 0.011977262328259982 -0.03785436047958901 0.9992114131988986 0.4195262166802529
0.9979223712063883 0.06318871090763739 -0.012577484530218506 14.378284038412707 -0.06265309890169107 0.997265361177551 0.03919574110541781 -0.22322068556398977 0.01501981510515887 -0.038326286706138885 0.9991523190128041 0.4312047962534007
0.9978747071675826 0.06369994601089457 -0.013727743109403763 14.474080950662394 -0.06307337217120593 0.9971223840709604 0.04205494542828532 -0.2287198607537003 0.016367134704021735 -0.04109970931191819 0.9990209139368379 0.44414967008789186
0.9977668649488213 0.0650869927835636 -0.01500106123081271 14.581515219674534 -0.06438448651846078 0.9969840181514069 0.04332923924798239 -0.236475869687902 0.01777598510959997 -0.04226664151695145 0.9989481473306808 0.4571785292228591
0.9974445849695218 0.06959035431112891 -0.016172438260439764 14.653613758911144 -0.06875186513966564 0.9964959839360645 0.047632473864915474 -0.2445190811298246 0.019430527332531602 -0.04639886551353818 0.9987339263156004 0.4726742856078901
0.9973290103946619 0.07098651925376316 -0.01719954554333194 14.726163737239759 -0.07006486763898678 0.9963237261105443 0.04929365719149299 -0.2506266069177602 0.02063549719533163 -0.04795690804978818 0.9986361534177223 0.48809429338049726
0.9970455424647795 0.07381108181401154 -0.02126442357593038 14.787784709021073 -0.07268195121987503 0.9961153474971104 0.04971384087920151 -0.25631081719655113 0.024851247536916962 -0.04802142123794836 0.9985370370122909 0.5004418628384105
0.9970780506377662 0.07146722835145636 -0.02697890779128468 14.865394552371018 -0.07005113658387441 0.996278549395094 0.050217604541577726 -0.260436364927062 0.03046741625216335 -0.04818096566234223 0.9983737710807014 0.5175478667348189
0.9967379790739341 0.07457658506692115 -0.03085124452633215 14.949775694474795 -0.0729099702741431 0.9959811549284464 0.052015313028002545 -0.26687949267187344 0.03460637843275638 -0.049596272156066455 0.9981695567623415 0.5298676675206002
0.9967564878342554 0.07425717849147016 -0.031023227753790093 15.073707943792364 -0.07254941126970904 0.9959578173531669 0.05295778040018054 -0.27498397188148166 0.034830317399781874 -0.05053529171461233 0.9981146672443445 0.5473830742275269
0.9968758275257416 0.07271865341112585 -0.030832567171718 15.200750134142899 -0.07096405365196246 0.9959821646582624 0.054621866494129756 -0.2840417131014903 0.0346807114275791 -0.052263211727144585 0.9980308916270978 0.5655436883510975
0.9971396429273778 0.06888878024350618 -0.03109555782875577 15.314719894900476 -0.06709927467321496 0.9962110922254478 0.05532688851442896 -0.28901192538835935 0.03478913733871049 -0.05308214173798342 0.997983896582944 0.5798515814136187
0.9971988977649487 0.06750186014323212 -0.03221680355083473 15.413138669170296 -0.065407136266384 0.9959206988730157 0.06215935656917424 -0.29077157593442743 0.036281249452089354 -0.059878029818170475 0.9975460631822616 0.5940571485983536
0.9972875549757156 0.06548918213856697 -0.03359709765498593 15.522763892036785 -0.06319093551933544 0.9958544652799448 0.06542711347419568 -0.298736853693414 0.037742583527699346 -0.0631266106053096 0.997291524133881 0.6094413010291693
0.9975764159488811 0.061987034776537865 -0.03160644111024213 15.630165706005858 -0.05974082488145161 0.9959191802760387 0.0676456778232411 -0.3039366470597038 0.035670611691481245 -0.06559353442123352 0.9972085796817158 0.6247000763522478
0.9976357148255993 0.06166747328654965 -0.030334279294652468 15.709187822174023 -0.059489127886446114 0.9959021036595245 0.06811726005369284 -0.30536386897833023 0.03441058774289928 -0.06615164801659996 0.9972159879399323 0.6413847167560718
0.9978891140894114 0.057275955723805685 -0.030607942355407643 15.81735664028676 -0.055015326319188304 0.9960150230697278 0.07019476630619555 -0.3049383443815207 0.034506438595072346 -0.06836268348848103 0.9970635410488528 0.6545273998918321
0.9981552942028294 0.05313998538223143 -0.029363512492494078 15.965176523801258 -0.050870782592089096 0.9960143885487827 0.07326266995981974 -0.3058287952686907 0.03313965409270037 -0.07163377307373216 0.9968802443468204 0.6732128446006692
0.9985150661301929 0.045107662320491494 -0.03054548687539459 16.11417540431723 -0.04275241791889206 0.9963559759335294 0.07380323509854493 -0.30601371195310767 0.03376326568983886 -0.07238774473699924 0.9968048515075496 0.6892635650888843
0.9989095266104772 0.03170589728440897 -0.034271839484925924 16.27763896653725 -0.029069131414615354 0.9967692579287372 0.07487288944853905 -0.2969107422694036 0.036535023866543545 -0.07379498581579452 0.996603907170074 0.7079262904568917
0.9992870283741028 0.014729926063776244 -0.03476391029312396 16.45946694056245 -0.012061686169861332 0.9970536825763374 0.07575214396360402 -0.28498527849267424 0.03577730401031412 -0.075278819197171 0.99652041604032 0.7245161476121984
0.999413149890065 -0.004900107064057582 -0.033902950240893986 16.603743507953727 0.007447264092593488 0.9971241866696434 0.07541758510662964 -0.2690237777115204 0.033435893334050594 -0.07562580619037038 0.996575453321097 0.7409708090178058
0.9991254467870869 -0.026404596381794664 -0.03242227829557424 16.741542562521435 0.02886856646128222 0.996531982348148 0.07804185771186659 -0.24309199180766405 0.030249169591777765 -0.07890958607656486 0.9964226616508539 0.758412914491053
0.998088117456734 -0.05117033536031704 -0.03466658085595828 16.929545584994113 0.05378377100190548 0.9954066050687936 0.07920173034480853 -0.2167783056527127 0.03045456051639553 -0.0809148006345765 0.9962555748748204 0.7724213871735099
0.9966909594759769 -0.07409297078951169 -0.03342795590368023 17.093479237840405 0.07650162933940759 0.9940374151701934 0.0776983621291639 -0.18084097358033496 0.0274717326464527 -0.07999854345370333 0.9964162747756716 0.7848214184875478
0.9943389233739823 -0.10143668490658472 -0.031634943908424196 17.257354212199743 0.10364372794762931 0.9915185676261891 0.07841444533379209 -0.14211616453647302 0.023412529377915995 -0.08124929379669334 0.9964187179157195 0.7968411999598111
0.9900272508912504 -0.13711745002417802 -0.032325108646952226 17.45731231188439 0.13924828802826122 0.9872589084540926 0.07700441212430803 -0.08854575032257685 0.021354599459403812 -0.08073767756747509 0.9965065299284687 0.8098850442783949
0.9838772020012071 -0.1766054481575166 -0.028217588855458435 17.656684152312533 0.17834449729014534 0.9806336969124257 0.08093645837057614 -0.02011169121574237 0.013377296086300394 -0.08466398265578427 0.9963196844775374 0.8177355592964993
0.9776787963728601 -0.20838409014623754 -0.02683854232809929 17.900008156293122 0.2099117129390299 0.9742580802819609 0.08220817054094048 0.058444197493438724 0.009016789290979028 -0.08600690422297388 0.9962536653001591 0.8312940553480498
0.9688912075742694 -0.24603186986639197 -0.02679948045723419 18.151705783728026 0.24744079510470748 0.9651089466969315 0.08566032600257494 0.14833617286250506 0.004789245829422431 -0.08962681574900845 0.995963831025112 0.838736017427655
0.9574650975266934 -0.28765001937108514 -0.022762219388070153 18.388260254188843 0.2885328438733713 0.9535873299480694 0.08613895574148922 0.2521149915567244 -0.0030721101227032194 -0.08904268579616101 0.9960230007046721 0.8474602175900733
0.9437568151411183 -0.33014203599271713 -0.01814869699822628 18.647200023808058 0.3303826409923621 0.9394318818761986 0.09118644292236301 0.3680379313956057 -0.013055014550844367 -0.09205383536211068 0.9956683753526281 0.8552410451229957
0.9286934088100085 -0.37067888583395997 -0.011215225686426335 18.903429193388973 0.37001700137848254 0.9241632817780523 0.09491872750660899 0.49647547152367166 -0.024819668826979575 -0.0923002146435577 0.9954217749794362 0.8561066651780873
0.9106853743476432 -0.41302725007984964 -0.007791334816791881 19.15053185622527 0.4117048779030087 0.9058976162463652 0.09923970937784606 0.6440995354494575 -0.03393055247740833 -0.09358387611708706 0.995032980069816 0.8559710263799536
0.8902580975431097 -0.4553569094051725 -0.009522083456348003 19.443429867947998 0.4539573149063208 0.8854389887885865 0.09960156074814293 0.825807824984064 -0.036923034569981736 -0.09299370904833934 0.9949817663066576 0.849677724220875
0.8668737613620222 -0.49844175231918225 -0.009261029343429712 19.700585308589034 0.49667509985716424 0.8619031178012873 0.10216055125963945 1.0030723945189144 -0.042938973357618176 -0.09316001752580438 0.9947247415183383 0.8444211998419011
0.842151136618394 -0.5391708679989792 -0.008735184659276633 19.978543156007973 0.537086392335683 0.8372283436802765 0.10289229919483173 1.2099655282173853 -0.048163184957297274 -0.09134240907243907 0.9946540743428098 0.8282865684524876
0.8119888894757373 -0.5836381076407158 -0.006377141599547033 20.29193659234038 0.5810287018042749 0.8072232226952544 0.10390492745055127 1.46829222554499 -0.05549509680829349 -0.08807494260230218 0.9945667169189701 0.8123190043613439
0.7841527579826189 -0.6205633504684175 -0.002376017912772638 20.591718311294752 0.6171302939017932 0.7794008248192883 0.10809473690738602 1.7351181740682056 -0.06522775949653284 -0.08622909237837766 0.9941376859901265 0.8018800930821066
0.7566939643694839 -0.6537692450814829 -0.00028936108852655384 20.85046714805365 0.6499334599804727 0.7522062789479512 0.1084994425629272 1.9859336613166176 -0.07071593675579026 -0.08228893262561764 0.994096395498559 0.7834011608059783
0.7226443601239911 -0.6912200457560115 0.00020587253857935446 21.130065173033177 0.6870232550109914 0.7182894818374078 0.10981432002807337 2.2875657596384324 -0.07605373233253729 -0.07921525375923746 0.9939520255310567 0.7571407227239592
0.6847082175620078 -0.7288068941061409 0.003902968597841537 21.439632987110798 0.7241769448658039 0.6809422500327017 0.1090198246770263 2.6481466694892446 -0.08211209253489554 -0.07182032428707556 0.9940318410221978 0.7320816195632268
0.6512856578441089 -0.7588266990605733 0.003016278643873452 21.747240438259183 0.753787653693016 0.6474081128884318 0.11254699477815855 3.031643725506755 -0.08735642391383848 -0.07102660423360996 0.9936417525341654 0.7020556633127919
0.6135857320310822 -0.7896252478177701 -0.002140727461159857 22.015095696438387 0.783919491886995 0.6088221413246027 0.12167887244685736 3.4125034011339257 -0.09477738311411531 -0.07633857189192957 0.9925671391793507 0.6709505195623192
0.5730430152380144 -0.8195100990692049 -0.004996545603096911 22.297672421545794 0.8137322753918882 0.5682580749088074 0.12215752868265549 3.8339435658950745 -0.0972699964041453 -0.07406736294335896 0.9924980751786343 0.6295211125723364
0.53100512210841 -0.8473640104894664 -0.00280344061769734 22.549366560163335 0.8413977787029532 0.5268685247864855 0.1202466345076894 4.261691485871425 -0.10041562092919161 -0.06621038192227269 0.9927400183765392 0.5866755426000414
0.491690007784892 -0.8707703413757184 -0.00011866913842958167 22.77660995828403 0.8647846198030635 0.4882941441042722 0.11711664148584537 4.704746165010439 -0.10192374736731749 -0.0576877004597394 0.993118086949085 0.5391320726701716
0.44935352579185417 -0.8933331083575463 0.006118139270273787 23.022035167061063 0.8868121410271667 0.4468797872908516 0.11773954206243928 5.224151721179712 -0.10791469833452515 -0.047481033598976326 0.9930255913212315 0.48554641544424226
0.40612719766381006 -0.9138008347706985 0.005366465090912688 23.259253975910656 0.9062024045176837 0.4034927980805193 0.12645426632146026 5.7860968656882665 -0.11771933791263763 -0.0464934086788235 0.9919578499704381 0.42813370495404346
0.3682930101033174 -0.9296888384147024 0.006244012621365812 23.479241414639475 0.9218994676168006 0.3660595188079545 0.12689254440401795 6.344013270529551 -0.12025625601007663 -0.040977280961525885 0.9918967441334704 0.36142916412945764
0.3299968259027153 -0.9439657454194365 0.005552623372533901 23.716341801713785 0.9358684045025951 0.3279243468878396 0.1289025589324278 7.018063500799486 -0.12350043379094303 -0.0373409064406319 0.9916416465875065 0.286592768590048
0.29592813913967353 -0.9551995440719457 0.004520257463209679 23.88813737628974 0.9475128022125107 0.294139702437084 0.12530459936090435 7.597965940523891 -0.12102047672953672 -0.03279815126717965 0.9921079483467267 0.2231747185756653
0.2647755339347005 -0.964308689312085 0.0016533615029731595 24.058490567089066 0.9568757617488425 0.26294635200408323 0.12348242819403298 8.262366307830677 -0.11950991726422043 -0.031113060550971804 0.9923453092677926 0.15459010224232944
0.23724345954668344 -0.971450211966944 0.000303033260575968 24.21040340307387 0.9643901557249877 0.23555679921558675 0.12026861357569074 8.912613911656736 -0.11690634521421259 -0.028240696062996687 0.9927412680158275 0.09241978975641223
0.218522737560701 -0.9758246530271685 -0.0037583202151659553 24.357226105019965 0.968610576909876 0.21643634721326974 0.12226518486744813 9.59666493938908 -0.11849593788374474 -0.030358067861507902 0.9924902801075224 0.019576328477180993
0.20774842949878272 -0.9781712764031562 -0.004648582371662815 24.512694435493238 0.9703144424968181 0.20547357534239102 0.1275555175030897 10.343477684204082 -0.12381597555168534 -0.031010041240107276 0.9918204662274377 -0.06793214908737207
0.20088301711551346 -0.9796031402443376 -0.004875070815646779 24.6761373031854 0.9712660739643112 0.1985200938880162 0.13127034476995783 11.097097639780563 -0.12762503520998103 -0.031104969986857536 0.9913345484330244 -0.16072600897429007
0.20006293805216266 -0.97976172827302 -0.006468530502198528 24.820383421229092 0.9713262186952532 0.19746625585644928 0.13240986443839337 11.851470367045263 -0.12845279383760214 -0.03277335585325258 0.991173871017881 -0.2515014168080998
0.1984417999909673 -0.9800751505601165 -0.00858000748054275 24.965743240116023 0.9718403342031733 0.1956243994539141 0.1313673349106891 12.574522808885723 -0.12707139452961969 -0.034407163705094036 0.9912965567705807 -0.3464742310573481
0.200078682490225 -0.9797499204778006 -0.00766024765758679 25.14107147456383 0.9720468572139489 0.197513130851512 0.1269385207456576 13.434120918126236 -0.12285499917850898 -0.032843807718060114 0.99188093497081 -0.446679698234482
0.20776440567269253 -0.9781557575201588 -0.006732831729191667 25.316165026959567 0.9705441479401993 0.205279614648304 0.12611207014498607 14.29663936027292 -0.12197512754297524 -0.0327361058184797 0.9919930802802289 -0.5514759784561365
0.2090134734479551 -0.9778540594280454 -0.010717818563959449 25.50900536584974 0.9701964590535338 0.20597768027149346 0.12763989814057575 15.206108013520295 -0.12260555423934076 -0.037076843888351786 0.9917625932672007 -0.6458783704094958
0.2172914088699072 -0.9760753733518855 -0.007834183094903652 25.70631695433257 0.9686777537304047 0.21464235447548394 0.12486787665535083 16.06201545898521 -0.12019890509271101 -0.0347215116891263 0.992142376641415 -0.7438572192009765
0.22292271004334402 -0.9747983516820293 -0.008585112834804702 25.922105965278302 0.9679842911382612 0.22030494126093755 0.12029988567305584 17.025062657081342 -0.11537678107166258 -0.03512782683880242 0.9927004028700024 -0.8498893600247566
0.22775769918372063 -0.9736595095259314 -0.010660920678665172 26.12703615827113 0.9675091418721079 0.2250574531674751 0.11521770998871853 17.935003284667612 -0.10978349329357068 -0.03655625460838383 0.9932829810967303 -0.9427168578816018
0.22760904031696014 -0.9737184264377128 -0.008161864928628153 26.310098467088917 0.9679504365671435 0.2253312187800008 0.1108950482211577 18.730276832735115 -0.10614142306674247 -0.03314099229819731 0.9937985352303542 -1.0157514712600832
0.23194307977592646 -0.9726093972772478 -0.015278525108888791 26.543704547125717 0.9670177777230763 0.22885312574419175 0.11181583936103744 19.739856916664994 -0.10525659214840317 -0.04070951114559236 0.9936114135811503 -1.107310423670905
0.23392879772292086 -0.9721243016512495 -0.01586584357779199 26.785499248094553 0.9663831065259886 0.23069475240115225 0.11350568339571421 20.739184939447007 -0.10668146051110998 -0.041884726781808414 0.9934105854744905 -1.2011546021881359
0.22540661901177048 -0.9742427208112775 -0.006560663790925059 27.017515464217897 0.9673466931500274 0.22299990115941123 0.12046301034747746 21.715639855032173 -0.11589717714148476 -0.03349959235225266 0.99269606493126 -1.2886172432479135
0.22078448566592804 -0.9753120363564836 -0.004550591704021784 27.239044323018963 0.9673061310736099 0.21837042044404414 0.128969476194457 22.696710895509877 -0.12479176081730566 -0.03287627080953857 0.9916380503676301 -1.3895130133360998
0.22240493758190008 -0.9749523213390767 -0.002019928759278373 27.458417167420713 0.9663001686435106 0.2201548366052581 0.1334007103662204 23.701250374197564 -0.12961462783603817 -0.03162083033052506 0.9910600521801258 -1.5038760948775696
0.2197326525041227 -0.975547027191355 -0.005062056802131908 27.685420663022263 0.9659484939328654 0.21683823206068578 0.14115454549182133 24.70355593725615 -0.13660524201397575 -0.035905944730425576 0.989974558599593 -1.6229645070708185
0.22112259220795935 -0.9752404091255253 -0.003317963436542388 27.9209632834424 0.9659399464207207 0.21854242589535194 0.13856098123168512 25.72936012268533 -0.13440514462178035 -0.03384391279771106 0.9903482732619266 -1.7650131557718345
0.22728324079398887 -0.9738201563950979 -0.004086160822158508 28.179789760614767 0.9651946168484545 0.224708625394538 0.13381069765695058 26.85876013345125 -0.1293893516437398 -0.034356865443532565 0.9909984143101584 -1.9176053362904577
0.22417377879460856 -0.9745468260764297 -0.0021600793408334887 28.436900750584673 0.96675864594667 0.22210148149857883 0.1266829504348357 27.94024387015344 -0.12297870355011385 -0.030487267327718587 0.9919408352775694 -2.0544358209863076
0.22216510524681177 -0.9750076856691046 -0.0016565489143473616 28.671501279505538 0.9681471317962088 0.22040000785888836 0.11880608257978076 28.979377948744165 -0.11547173380715028 -0.027998345318026408 0.992916022147978 -2.177079176704348
0.21734253270951898 -0.9760822060052894 -0.005080930300156299 28.939295034359784 0.9696351689096414 0.2153032403339796 0.11598306532695749 30.12391411349844 -0.11211505929191631 -0.03013469813659233 0.993238123077909 -2.3046354898525925
0.21987908630477868 -0.9754999209184408 -0.007290881383407751 29.16372045702474 0.9685785974060402 0.2174163713715671 0.12077060749183036 31.146857453485513 -0.11622655461215337 -0.03361671853010068 0.9926535951304449 -2.411097818467108
0.2171694649337483 -0.9761212305755731 -0.004983169420548212 29.399652146383612 0.9678990523945786 0.21467285884391 0.1307168909392987 32.179244665409016 -0.12652577408394078 -0.03321091828448892 0.9914071409296493 -2.5302747948182134
0.2129883266913917 -0.977043638851131 -0.004665375783078936 29.641743486459767 0.9677880315047696 0.21030978821960056 0.1384053343716455 33.29870231226406 -0.1342468697078405 -0.03399381142590391 0.9903646068219154 -2.6695443098231273
0.20624251565412213 -0.9784875452128889 -0.005119947008455745 29.862224674630927 0.9691951543410209 0.2035583917735415 0.1386529893937782 34.35210932296966 -0.13462800738231162 -0.03355836519567285 0.9903277192125862 -2.7970335989344437
0.19976057517744905 -0.979724625297717 -0.015343938460452993 30.096422816153236 0.970739960075118 0.19575031584786487 0.13908868137341904 35.42260307818793 -0.13326501784925004 -0.04267940464343215 0.9901609763690256 -2.9379932133272244
0.20083689017461465 -0.9794180553574248 -0.020121670962563506 30.31768239408456 0.9701743798185805 0.19601129739080672 0.14262244411796637 36.525135905394066 -0.13574291428919158 -0.048165372887993274 0.9895725409296573 -3.0722759750551174
0.1991782494601047 -0.9797616602651187 -0.01987911652971027 30.526251666571838 0.9707639280286106 0.19449484544753629 0.14067362460738198 37.53756744402611 -0.13396023066594637 -0.04731705069032423 0.9898563577615875 -3.2073643778180068
0.1922500459056589 -0.9810641711369189 -0.02351759380034288 30.7222145497801 0.9728279560892114 0.1873759509694248 0.13599977344454656 38.5190215315443 -0.12901786616988958 -0.04902453042988196 0.990429624613601 -3.3318718178568147
0.18687764521774228 -0.9819501200143544 -0.029168009515945524 30.94076303319779 0.9740406842312779 0.18134774855220584 0.1354904317089839 39.65394117589087 -0.1277552855557152 -0.053730955503143725 0.9903491440499341 -3.4657405253727127
0.18915950602780082 -0.9815771288686203 -0.026927432458554022 31.148407376906956 0.9738121346069376 0.18399962895240624 0.1335439274734472 40.71154660118739 -0.12612902016771466 -0.05148335870997979 0.9906769350977199 -3.6096885504493224
0.18873448766702805 -0.9814264632411994 -0.03437230967495382 31.351154504738915 0.9747801046091524 0.18298202583029094 0.12775462186781866 41.77822553797772 -0.11909224513398067 -0.05761714121006885 0.9912099464164326 -3.734668340153148
0.19008913013068288 -0.9811041917923372 -0.03606594946928511 31.570597112349134 0.9749388400546826 0.18431464923524077 0.1245884655876982 42.87504707126777 -0.11558677652515024 -0.05884500239634828 0.9915527310600476 -3.8508102687077326
0.19258749757470245 -0.9806615921500612 -0.03482761428919786 31.77714852136922 0.9750634509573204 0.18725823081075002 0.11910306095229434 43.93384892137004 -0.11027803380449701 -0.05689688877327041 0.992270807287646 -3.95936942023617
0.1908014501453593 -0.9808832824897351 -0.03824732686144932 31.983870965285394 0.9747305658856312 0.18470579283226904 0.12563443616245137 44.931149905998446 -0.11616820878332404 -0.06125206541833938 0.9913389871467791 -4.076170311455816
0.19139500336636067 -0.9807049700451862 -0.03982184918505209 32.19054766565049 0.9743255613753563 0.18493599534277005 0.12840675840684063 46.00295330107175 -0.11856464616844839 -0.0633758516403504 0.9909216829774952 -4.192549714335881
0.19439311836828738 -0.9802136896954344 -0.03731626082784435 32.41343177761249 0.9731311004637504 0.187923630688488 0.13304318045824082 47.13707145231609 -0.12339813261238393 -0.062176286890767055 0.9904074241964234 -4.319123194438941
0.19879850969510093 -0.9795019730512385 -0.03248234272945491 32.61743407760477 0.971866451567645 0.19276040685044848 0.13534749127908247 48.26369923493174 -0.12631181800343744 -0.058475373162587246 0.9902655255300487 -4.450629278352929
0.19992145300708283 -0.9792630004541737 -0.03279411268020551 32.82250397984544 0.9728525504667179 0.19440817271912006 0.12555196118656206 49.31776436826058 -0.1165729401719893 -0.05700436120256304 0.9915448089273052 -4.569598548918402
0.2016082387227287 -0.978822989654958 -0.035492791655568665 33.04083687107015 0.9728682037019537 0.19591962201071342 0.12305639952595032 50.35930285836776 -0.11349669222337842 -0.05933898682059119 0.9917647105965195 -4.671410240141345
0.2053562749245377 -0.9778539477184489 -0.04037972929600955 33.26862578830981 0.9721060194369234 0.19902487200234226 0.12409232380098495 51.49343309164117 -0.1133075919432659 -0.06473650932111832 0.9914486520521755 -4.7880839453788715
0.21200140634702344 -0.976697759105008 -0.03342089651096388 33.515732390746145 0.9704404843519099 0.2063610977935008 0.12514104512776544 52.61261726386977 -0.11532819902658321 -0.05896306297594982 0.9915758263496139 -4.897606828052715
0.21964586206234185 -0.9750306586706667 -0.03272575726538845 33.75255645015051 0.9685408982003059 0.21391610773655265 0.12715480679693544 53.712030365020325 -0.11697926188818164 -0.05962525587490186 0.991342794817761 -5.0223558681947
0.2255374719883391 -0.9736009795224491 -0.03512900026322251 34.006302517023684 0.9674103477410226 0.21955165621442965 0.1261515234330226 54.78305523218868 -0.11510861020445355 -0.0624360482545141 0.99138872467983 -5.128129512543094
0.23071102550867864 -0.9723764761684459 -0.0354468131208752 34.261377148006936 0.9664588944202617 0.22477853445723153 0.12422452805546387 55.89249994979818 -0.11282531990541386 -0.06291785026644 0.9916207173073944 -5.241290297906762
0.23120831762680924 -0.972182507375843 -0.037469340400603054 34.514162935071916 0.9670860099725025 0.2254494827911213 0.11797074871364892 56.931814507705255 -0.10624164905292424 -0.0635118873924543 0.9923098346048497 -5.345827772025354
0.23225156940197011 -0.9718494929003796 -0.039595920459735603 34.74913595696952 0.9668985121529539 0.22626274359788173 0.1179506489314137 57.92901261122351 -0.10567119097631238 -0.06567945391833858 0.9922296429848169 -5.445630776903468
0.231831809634568 -0.971840029221545 -0.04220230919848763 34.99542478699289 0.9666310927992872 0.22529443809666427 0.12192893062658398 58.9355958153545 -0.10898746397767714 -0.0690610626899902 0.9916411437626942 -5.540696305274641
0.24169387435891193 -0.9694878522620837 -0.040956570548417386 35.22093961402821 0.9653464771015428 0.235950848190366 0.11150468112714265 59.82771720731851 -0.09843869096436592 -0.06648727345418089 0.9929194943584255 -5.631075130744475
0.2430898639875188 -0.9690681766648582 -0.042594040186785996 35.50831128951275 0.9650288951716594 0.23716828241226587 0.11167074293995077 60.95637018541847 -0.09811460261984539 -0.06825049911472367 0.9928319343224619 -5.724300977571963
0.2533643551572672 -0.9665734917725258 -0.039271539260200904 35.766319233379434 0.9627772722907876 0.24800182789556025 0.10749388284060475 61.990925869838264 -0.09416131915541778 -0.06504485783059272 0.9934297499732176 -5.819971659801934
0.2540008468005809 -0.9662881221091604 -0.042082064502546326 36.063288687260055 0.9628350691630733 0.2484833010221781 0.10585176536194171 63.10285173133511 -0.09182660841655708 -0.06740451944768901 0.9934909966536578 -5.906643110717422
0.2508627121866346 -0.9669041556863598 -0.046522237782267606 36.36162680123376 0.963942156199463 0.24510855534870188 0.10362062113199319 64.20473853181234 -0.08878820602478951 -0.07083928995811711 0.9935282105487842 -5.99881566777013
0.2555250295586573 -0.9657264501299664 -0.04560096540510021 36.68716602974771 0.9625836942697626 0.24972538731483834 0.10521302193078504 65.38657668862004 -0.09021927467843234 -0.07077929999257827 0.9934035579039358 -6.094594134778069
0.25851602406275 -0.9648512695533603 -0.04723937130733923 37.00660080881002 0.9610937635228561 0.2519676631366467 0.11318565270522256 66.54691702606827 -0.09730452151592392 -0.07466176354249354 0.9924501533298394 -6.19786870662487
0.25924406873078837 -0.9646957635757437 -0.04641833500218715 37.32265761731128 0.9614957399938242 0.2532486583526156 0.10672851794954476 67.7124199656199 -0.09120516325004517 -0.0722997602240688 0.9932040165823005 -6.296868701321298
0.25742364040217197 -0.9650025054743466 -0.050032979601292854 37.63261946951612 0.9623057423494761 0.251313879681934 0.10396590617993938 68.8896063445108 -0.08775337314172277 -0.0749102990752794 0.9933215231141636 -6.3860980043233075
0.2615933619796068 -0.9640193308718886 -0.04728327326844976 37.920724481118995 0.961381040991902 0.25591015585278176 0.1012739042404784 69.94472031035944 -0.08552972712826519 -0.0719498172113033 0.9937342427770941 -6.473494325675233
0.267300841703329 -0.9623350288626243 -0.049614690426528656 38.23287725160684 0.9596784223854616 0.2612081042919166 0.10386322442208483 71.12819925971263 -0.08699145531715932 -0.07537686857780301 0.9933532453625685 -6.569452948457773
0.2645263919920174 -0.962904692084148 -0.053295470346685594 38.546619469626386 0.960788079276676 0.2583745313790448 0.10064186893074027 72.24832005201591 -0.08313833135450052 -0.07782807633390237 0.993494169122745 -6.646894973788234
0.26615023481378647 -0.9626036482081908 -0.05057997847275697 38.87310065487231 0.9598580186421886 0.25984146281777976 0.10561683472053945 73.4035066281353 -0.08852437019544444 -0.07665953663034855 0.9931196337865141 -6.74231159609212
0.2690484035597211 -0.9619006677651978 -0.04858113988255585 39.191150407515615 0.9587517035671531 0.2626830304692658 0.10859426291449185 74.52919208910012 -0.09169544814550018 -0.07579435710366703 0.9928982908172305 -6.832768415005497
0.26886081697010067 -0.961681004432129 -0.05369890194443184 39.506910110784496 0.9586014367000711 0.26173783066822803 0.1121450448349219 75.6621671395927 -0.09379272030158908 -0.08162724596305217 0.9922397764764598 -6.916160249894351
0.27147012701493917 -0.9605583618614209 -0.06026332926459072 39.80841965055294 0.958112237673594 0.2637812827635447 0.11153605879308517 76.70970104106587 -0.09124055083972242 -0.08801773393222807 0.9919313968632303 -7.018171949691648
0.27441549738686116 -0.9596644471329651 -0.06115839239514074 40.133672582036155 0.9573520609512506 0.2666676511142396 0.11119942791662268 77.91104794829894 -0.09040516793969386 -0.08906495189504426 0.991914409433026 -7.115626546146019
0.27750473214046206 -0.9588017735582468 -0.06074823387282117 40.47642107508836 0.9563116790404356 0.2696240196324153 0.11300786740532319 79.09849622257288 -0.09197295587039624 -0.08945445605637461 0.9917352123259815 -7.213226476777109
0.27606752034481313 -0.9586997393223574 -0.06842221343515772 40.83945195902543 0.9567422913764031 0.26730683209604494 0.11485278809843412 80.32979921489358 -0.09181960807767059 -0.09716954173542844 0.9910232567495724 -7.317845797384343
0.2769847958986632 -0.9582847254004158 -0.07049732734424645 41.135844256423546 0.9567006593732771 0.26820763568921363 0.11308594094809502 81.41731672759221 -0.08946060371600048 -0.09876791778391142 0.9910810029894318 -7.415249309493498
0.2801888914656847 -0.9568765471610142 -0.07669109368044254 41.44667339410915 0.9560436301561084 0.2709629241667092 0.11206956987663358 82.5297776324709 -0.0864562955984387 -0.10472067173662693 0.9907364662459761 -7.49577898384763
0.2838304872859602 -0.9555624262264535 -0.07962894780596032 41.74297275856257 0.9549093552897274 0.27413613702984907 0.11400622387346232 83.56239815855868 -0.08711088724148243 -0.10839686064094765 0.9902836308928509 -7.576012344262409
0.2886873452001109 -0.9539508697576978 -0.08147036312242839 42.08700634607498 0.9531034668295009 0.2782680868310032 0.11899819702994276 84.74836830350378 -0.09084782674737744 -0.11200295024961633 0.9895462936102585 -7.668585588699134
0.29337555814760075 -0.9522106808806678 -0.08500391964971446 42.453177411107454 0.9523665144419933 0.28336173290978955 0.11271232416797693 85.99203532509179 -0.08323901672659234 -0.11402191869086357 0.9899849109151025 -7.76933336876434
0.2977693255991224 -0.9500881334021425 -0.0930915289278945 42.81171371902699 0.9514687054016888 0.28742718785637134 0.10996741267116315 87.17225161485213 -0.07772169358872429 -0.12131858937164802 0.9895660634367536 -7.86002361435223
0.2960225131422034 -0.9507654678266201 -0.09173746322445885 43.120708874992985 0.9521889518005345 0.2861353302681599 0.10706395457252621 88.16474723913046 -0.07554337777605695 -0.1190447305403466 0.9900108109974858 -7.938072064221368
0.2991514378732689 -0.9495868040475907 -0.09377304545814565 43.44368760201871 0.9511661215293611 0.2889174467327711 0.10867214802140902 89.23079761936694 -0.07610096509000815 -0.12170316381688166 0.9896448043194436 -8.00533729706082
0.29709850034405094 -0.950619313782794 -0.08975225130270152 43.775188802149934 0.9518882289114918 0.28747286806758277 0.1061511531360799 90.31202771414839 -0.07510799554084878 -0.11697145076488208 0.9902910301517095 -8.069453488798587
0.304212881023142 -0.948509788138211 -0.08822567700541076 44.095597189253205 0.9497972701879988 0.294908505766154 0.10447026513595964 91.34213107478634 -0.07307256290427833 -0.11557769843993458 0.9906069108688205 -8.146337339467262
0.30621162300887234 -0.9473856995359319 -0.09324614472750362 44.4254725173369 0.9494234691285339 0.29677546266999144 0.10256372922398102 92.37730082789267 -0.06949423927465113 -0.1199362748451803 0.990346250748211 -8.20476674191872
0.30897838486573576 -0.9460605604630574 -0.09747737624466665 44.771531956430785 0.9486608207943793 0.2992838993994495 0.10233138412712312 93.44444849672155 -0.06763827413805922 -0.12409114393326685 0.9899627808943615 -8.275857257024734
0.31111180835672725 -0.9445521399222347 -0.10502743892331957 45.116701830124995 0.9482013175644183 0.3010323725350556 0.10145782169155251 94.51461639939849 -0.06421554047527195 -0.13115187228850003 0.9892802466661453 -8.347894148251267
0.31520458415606784 -0.942195725855825 -0.11363691989610103 45.43181941398426 0.946632353064962 0.30365310534569184 0.1080828259807701 95.49393169341108 -0.06732896988364419 -0.14164057637600247 0.9876257452220557 -8.3856419525679
0.3185793496985173 -0.9411221883004546 -0.1131206872843826 45.80151399090318 0.9453811703360212 0.3067758902915264 0.11019488843550838 96.646523005661 -0.06900415170602138 -0.14204797289181365 0.9874515968551566 -8.449554054289377
0.32224473145390614 -0.9392859572626128 -0.11789948599088361 46.12966826736651 0.9444052775793822 0.3103917420763668 0.10842304025614799 97.64366294575572 -0.06524520926948454 -0.14628363928050625 0.9870886562175516 -8.512337532103322
0.3211681444716503 -0.939095382622409 -0.12227407971997288 46.49790845192397 0.9448151181090243 0.30892795192337946 0.10903132871076424 98.76149129294006 -0.06461693333003743 -0.1505437773286003 0.9864892694407771 -8.578930273110783
0.3277137244343383 -0.9364559277505438 -0.1251162477686288 46.89273366715468 0.9425047069951996 0.3148667973317218 0.11199863730124211 99.94139569578411 -0.0654868325259878 -0.15462613147879936 0.9858002281987736 -8.645104434704656
