1.0000000000000002 0.0 0.0 0.0 2.168404344971009e-19 1.0000000000000002 9.791700870259712e-19 8.673617379884035e-19 -8.673617379884035e-19 1.6601845766184287e-19 1.0000000000000002 0.0
0.9999974007875855 0.0006413664123429605 0.0022027992770022606 0.8098574193886425 -0.0006476931423530581 0.9999956232795232 0.002872532466640897 -0.006395829661277718 -0.0022009491316608175 -0.002873952051894043 0.9999933759328914 0.18041699312655718
0.9999788754822465 0.004935173741019727 0.004237677059908913 1.7416437565378462 -0.004963039807101823 0.9999659237981687 0.006590675665545689 -0.003113528293563473 -0.00420500823849939 -0.006611568285201298 0.9999692299054316 0.18993132343133948
0.9999524674916238 0.007616127585864396 0.006092833123033775 2.5973804178352866 -0.007649353713430465 0.9999558568943121 0.005448777652746537 -0.00839552249599269 -0.006051067173979532 -0.005495125055171487 0.9999665213765017 0.19203480477203463
0.9999243269336621 0.011104117043962875 0.0053013440175961705 3.464327438291994 -0.01111964873189142 0.9999339008541052 0.0029094436155932195 -0.016825606287866952 -0.0052686884421025825 -0.00296817286066176 0.9999816431110656 0.2058053742636817
0.9998892606643374 0.014582717843810974 0.0029792626383982087 4.293333218196175 -0.01459295093611585 0.9998875492789627 0.0034426889586754907 -0.014197632057395361 -0.0029287256446297472 -0.0034857842533780477 0.9999895637262295 0.21512014155592676
0.9997599082080894 0.021704204612395066 0.003019718422614789 4.986509939093176 -0.021717562693296433 0.9997541388811582 0.004463943104154985 -0.021054466528418976 -0.002922091441564779 -0.004528452522284613 0.9999854049867419 0.22545302555868035
0.9997184455957197 0.02306384735030569 0.005581553416036265 5.821003961423148 -0.023113199522135225 0.9996927906730602 0.008945491129025629 -0.03821898522989857 -0.00537352289714671 -0.00907198000834547 0.9999443385096691 0.23412657045269308
0.9997534688415355 0.020873351124220264 0.007574299282330869 6.600381444255713 -0.020943297110604886 0.9997375904987077 0.009276097097156231 -0.06131354441660064 -0.00737868998443162 -0.009432440987239022 0.9999282172627562 0.23232378166109047
0.9996563010241313 0.024132974525505578 0.0102442481793007 7.323436028366919 -0.024248362100624338 0.9996421359212168 0.011293119749874531 -0.07289510270780086 -0.009968046895216263 -0.011537644364883356 0.999883681480372 0.23108729026734923
0.9996667358401525 0.024495065847735916 0.0081531749193903 7.968943791355934 -0.024580657451636918 0.9996419392934995 0.010568917265137633 -0.08382173535438181 -0.007891370730886499 -0.010765805282809416 0.9999108357207347 0.23425309397604038
0.9996145159216362 0.02441290747919276 0.01322477843374414 8.608504877679197 -0.02454210245903993 0.9996517278901558 0.009696682963608452 -0.10117165424954044 -0.012983449531947864 -0.01001750882059534 0.9998654585705111 0.24821785783143185
0.9995940305000551 0.02547250475725284 0.012766790806737894 9.277684837760678 -0.025600466426375326 0.9996225751846998 0.009961969044426413 -0.11849410075310671 -0.012508217172572661 -0.010284760479920552 0.9998688033398043 0.24914366755456205
0.9995496283180643 0.028374883115099954 0.009770966936821529 9.839402794043144 -0.028490207212349038 0.9995235124782633 0.011873231383803978 -0.13974000930582842 -0.009429411007795905 -0.012146260668382317 0.9998816981258132 0.24554210662368223
0.9994385077468834 0.03278223931772041 0.006932479747901664 10.387866480817802 -0.032854110241993854 0.9994047384702264 0.010521106921143915 -0.1601851009207905 -0.006583449210412042 -0.010742959731926625 0.9999205481936203 0.2488444868751427
0.9992364017312617 0.038775930146241054 0.004806865289431268 10.932892564478482 -0.038836090053672556 0.9991593170878119 0.013127631672967915 -0.17402223519714244 -0.004293789799315057 -0.013304287015318217 0.9999022027195017 0.26186801655465186
0.9991328627741066 0.041308642968249 0.005213808434952349 11.395798076366258 -0.04137177663572005 0.9990637481346742 0.012645979142825108 -0.1939160743307719 -0.004686540421396084 -0.012850717621252632 0.9999063711581377 0.2628606475781491
0.9991135465385332 0.04195146743802898 0.0035015368692270267 11.82089090963563 -0.04198857171194305 0.9990541624356403 0.011298579246641053 -0.21238005925207723 -0.003024234771767019 -0.011435587964800651 0.9999299660571646 0.2697910537711327
0.998982861578205 0.04506802042789636 0.0014768429801015576 12.24973912993491 -0.04508326086451315 0.9989011547695056 0.012802348118634984 -0.22939986244333502 -0.0008982455720198076 -0.012855907022549847 0.9999168837941769 0.28259111795536174
0.9987344210133863 0.050232468764707654 0.0025140847867803897 12.621617700980902 -0.05026333636517943 0.9986340372471767 0.014267942957051936 -0.2459396038901535 -0.0017939384820197567 -0.014376251717785664 0.9998949749140692 0.2924041006752451
0.9986171360825263 0.052447582893281226 0.003623786478516272 13.002758189918193 -0.05250026515570777 0.9984859163855021 0.016416895740812287 -0.2700343362611451 -0.0027572750403538496 -0.016584442703267456 0.9998585946931253 0.30138356607694655
0.9983989771180845 0.056426898801560925 0.003943708744031992 13.341173221905684 -0.05648968621311657 0.998237009281176 0.01821280264806196 -0.29255192771251654 -0.0029090658159342175 -0.018406421839945234 0.9998262832403767 0.30857060463518654
0.9981400590265477 0.06081703007775648 0.0042162396110717966 13.62790119508517 -0.06087834424758639 0.9980107284029869 0.016380803447695453 -0.3131871240041785 -0.00321162229320925 -0.016607013365796907 0.9998568638942532 0.3194382309649138
0.9979171857368944 0.0643551316561162 0.004446650192841909 13.87463698336572 -0.064415011580351 0.9978107321788601 0.014978870423718368 -0.32898695940813666 -0.0034729498315035877 -0.015234102895718537 0.9998778507475639 0.3271311682574222
0.9979958818962712 0.0631539424269503 0.003983030438497132 14.04303963795432 -0.06320978268353242 0.9978728930158098 0.015941464322292966 -0.33666754800289456 -0.002967793544495419 -0.016161281825511405 0.9998649213060585 0.34211994076381436
0.9976463449174368 0.0685622862088654 0.0010240313223836583 14.17589444358186 -0.06856986696286456 0.9975141439944386 0.01623648370545937 -0.3490782093180835 9.172276591157139e-05 -0.01626848591035973 0.9998675830530039 0.35645758779634484
0.9972770331346037 0.07369834005745003 -0.0026719117642159855 14.315043684562577 -0.07364438191437306 0.9971470963623074 0.0165556865170132 -0.3637288823755072 0.003884413485505347 -0.01631383424365785 0.9998593030178201 0.365990970403733
0.9967993567609026 0.0798226720641455 -0.004410061569552625 14.444962817105182 -0.07973692910497959 0.9966702000852948 0.017042650211329138 -0.37969851923927234 0.00575576452414302 -0.016636457595702123 0.999844965552433 0.38141214437593374
0.9967112682001219 0.08094189411208755 -0.003888814460535758 14.559890987717301 -0.0808532115386698 0.996541223105534 0.019190267392341764 -0.38735488256669415 0.005428658230006344 -0.018812732069630675 0.9998082148437444 0.3946725542094997
0.9963460987942199 0.08536704622237633 -0.0026427436995313464 14.65329638708804 -0.08527810111461992 0.9960605471327274 0.024309451728012427 -0.39873123984246545 0.004707556593151585 -0.023995258365913482 0.9997009163614947 0.4074686872015798
0.9959552641395047 0.0896738196501217 -0.005637655507641094 14.761797328384784 -0.08950458591008377 0.995665347672465 0.025285609992922054 -0.4120156750664162 0.007880673031099168 -0.024678739459929436 0.9996642989015777 0.41986352856517617
0.9960253926514844 0.0885355342817995 -0.00974379907164205 14.850494078147303 -0.08821861320591513 0.9956731465685859 0.02919553071305212 -0.4185873916045099 0.012286478280532812 -0.02821990437560535 0.9995261553034172 0.4327875716386179
0.9956639523688279 0.09199898930164105 -0.013767540746873067 14.922934840942013 -0.09149771321545443 0.9952435237996067 0.03344270232299746 -0.42819021711782507 0.0167787475860829 -0.03203799331681266 0.9993457341184839 0.44228581162041924
0.9957829404782061 0.08994587341530011 -0.018059362269796327 15.00756861053273 -0.0892798063149662 0.9953980703111204 0.03480970170283409 -0.43529948612951447 0.021107240106866754 -0.03305056932380016 0.9992307040766816 0.4532795480253186
0.995949591872329 0.08768419048001753 -0.019898704647811842 15.099072628734064 -0.08695473364976936 0.9955985049018772 0.03496296412526843 -0.43758424301925747 0.022876816418490504 -0.033091061852228 0.999190416578934 0.46861398130439486
0.9958532609514548 0.08839148036522113 -0.02152426790053671 15.195937540998923 -0.08755040575999957 0.9954613245290844 0.03730409287786819 -0.443812214602456 0.0247239367255859 -0.03526494257771412 0.9990720526893527 0.482750189532439
0.9957542613183219 0.08865137582078644 -0.024788099744440222 15.326804884691214 -0.0875964931771406 0.9953193045525928 0.04081977333830676 -0.4546725124656529 0.02829079953814135 -0.038475110860803144 0.9988589250704418 0.4968541689460257
0.9957442269518472 0.08826078894940029 -0.0265241943054471 15.47145755309889 -0.08707422271087714 0.9952741616528816 0.04298069814266097 -0.46734760947136206 0.030192351729650457 -0.040488206538283555 0.9987236768573595 0.5128653284835981
0.9959650650886753 0.08603193965736389 -0.025537418412161488 15.572344534066797 -0.08486088816604309 0.9954270247746088 0.043858699654929334 -0.47465471165518813 0.029193881645635203 -0.04151460267358285 0.9987112248925875 0.5289544534543047
0.9960992188244246 0.08433875479459488 -0.025949681202731105 15.67870006492767 -0.08305214693880188 0.995426673779733 0.04720164768367197 -0.4833980420262727 0.029811929207765483 -0.04486234545754664 0.9985481833762936 0.5424818726339569
0.9966474543181743 0.07765503759318157 -0.025760671477262086 15.772892160225123 -0.07634660329348095 0.9959064789095511 0.04838800428730714 -0.48944868534821556 0.02941278811080753 -0.04625903923374677 0.9984962918668535 0.5543561647262942
0.9969487118790068 0.07238243126926389 -0.029225242236707964 15.87822386459439 -0.07082197469584954 0.9961689057093914 0.05129987061693688 -0.4954406163579823 0.032826482910369846 -0.04907354808288234 0.9982555106712057 0.565194162643481
0.997424029889814 0.06549730854191704 -0.029248460294233617 15.976757197191407 -0.06394068438301423 0.9966335500942931 0.05131348004626212 -0.5003248827675049 0.032510887641775406 -0.04931112897647374 0.9982541311865164 0.5812674291965747
0.9974106920353524 0.06451990090036923 -0.0317672639492434 16.087777841389517 -0.06275980734995498 0.9965886468077259 0.05359284618979053 -0.50320243664465 0.03511669553993205 -0.05146036779169577 0.9980573650488415 0.5980945125030208
0.9977171973804689 0.05792742517290118 -0.03471127657628027 16.22746453836805 -0.055990948691291675 0.9969492630571907 0.05437920633618552 -0.5069438565073278 0.037755424659689875 -0.05231154931962618 0.9979167727840252 0.613855881283664
0.9982346198790812 0.04866608698167662 -0.034048801891003753 16.393294199364465 -0.04678638902037315 0.9974452744870961 0.05398032727925913 -0.5090535390089569 0.03658882357054749 -0.05229200825864801 0.9979612515269007 0.6331160428163535
0.9985508955511008 0.0399713572599205 -0.036034217770740354 16.566009546367493 -0.03799997060135052 0.9978269564973677 0.05382643076478963 -0.5081450157385597 0.03810742496033265 -0.052379128673029594 0.9978998480456263 0.651194971504553
0.9990039693468264 0.026281662288971944 -0.036061180153569496 16.763598671856762 -0.02427847023272369 0.9981962838413442 0.0549058497418032 -0.49711326465229044 0.03743914867387384 -0.053975648659563384 0.9978400649329993 0.6655499548914804
0.9994088142969203 0.005133771305841225 -0.03399605205399459 16.90020704246431 -0.0032699225596788165 0.998499860209904 0.054655780066118785 -0.47691922523756153 0.03422563934506266 -0.05451230093299572 0.9979262850258778 0.6807358054081987
0.9993108084208728 -0.018334242310312776 -0.03227737581624249 17.083160272921617 0.0200729392947367 0.9983177100167393 0.054394342558610365 -0.4542876153627265 0.0312257928787771 -0.05500475320342148 0.9979976366060492 0.6960512049286931
0.998587451047946 -0.044070488695397175 -0.029680968534897784 17.264101026930444 0.04566450539103923 0.9974216373764883 0.055360164089146006 -0.4219980779144583 0.02716468702151306 -0.05663732870215714 0.9980251241645395 0.7106931780486347
0.9972557292810749 -0.06831001638406461 -0.028545005432388786 17.45552372539193 0.06976566054349576 0.9961243710718954 0.05356218342198843 -0.38416003572008806 0.02477553837117888 -0.05540665228622749 0.9981563661410915 0.725601309461979
0.9947046897893158 -0.09868133712815476 -0.02871652958133027 17.63534319269031 0.10012923728111517 0.9934901138183383 0.05432722258782786 -0.34730436531318143 0.023168501781668956 -0.05691490397497773 0.9981100990962115 0.736408504723116
0.9901547208539139 -0.13753144647750767 -0.026053699506353792 17.84891533032858 0.1388479035101956 0.9885996583080131 0.05823995888977907 -0.28973344846673316 0.01774684948200285 -0.061284068114426174 0.9979625083218041 0.7528359806517835
0.9840269970918847 -0.17673909989509753 -0.021312550763664055 18.054950635066092 0.17775105335944288 0.9820482713998765 0.0631321882838139 -0.22226102198897138 0.009772024845832124 -0.06591210195196252 0.9977775092844215 0.7659490088229503
0.9766210228486919 -0.21436553877485542 -0.01608908863783248 18.28325786920581 0.21496591266843956 0.974234170577603 0.06824481516551087 -0.14688719226105768 0.0010452012446624378 -0.0701079224162073 0.9975387924567037 0.7778423582913114
0.9679744446713673 -0.25072093863242484 -0.012827729802623434 18.550593762486603 0.2509735852137746 0.9651688828776804 0.07389996330834442 -0.0531456507914156 -0.006147344173944783 -0.0747526925137548 0.9971830828933514 0.7845919771158681
0.9584351112423393 -0.2850795822283547 -0.011481924570673166 18.769562875772 0.2851079301544927 0.9554610955013988 0.0762068282614356 0.04126823052262703 -0.010754479892000375 -0.07631288272907438 0.9970258475982298 0.7861075908991048
0.94389494867809 -0.3302051690390928 -0.005190130759937837 19.02610229707063 0.32955108193500937 0.9407736106770502 0.07963049275567072 0.1636650284528551 -0.021411662939112903 -0.07687322800620562 0.9968108663097656 0.7919452390669399
0.9280038460754076 -0.372567566704283 -0.0015281252422945286 19.28488368512076 0.37139639427302334 0.9247456985097651 0.08312658381086138 0.29202317174931375 -0.029557141958813236 -0.07770932447361696 0.9965377523888488 0.7915967361581046
0.9098120736566252 -0.4150199343998977 0.0007140985866940423 19.543398356464632 0.41350257080902897 0.9066300342529631 0.08388994249715155 0.4396360417015007 -0.03546342141210272 -0.07602879573560155 0.9964746979466561 0.7907550849119677
0.8895030304447546 -0.4569230633476259 -0.0023954682370559786 19.823721013279258 0.4555105801849471 0.8863161404187502 0.08338901666385072 0.6140702007581305 -0.03597922248300554 -0.0752659389049049 0.9965141191560806 0.7908661565181389
0.8670249960356248 -0.4982615644361695 -0.0017705684118719876 20.123718284479523 0.49679696321196887 0.8641929833124173 0.07976955850655171 0.8113094147421525 -0.03821599175336387 -0.07004180914732477 0.9968116866453834 0.7897435406573176
0.8424996927220565 -0.5386964355835392 -0.0006952052111761375 20.39202270193408 0.5371771325056692 0.8400252955514554 0.07614557553829011 1.0120421684205012 -0.04043535953081371 -0.06452606758266338 0.9970963965380023 0.7860449364929948
0.8148363898111086 -0.5796694470122045 0.005005526707503077 20.705593706427358 0.5774692164047699 0.8124382972524751 0.08045641546664012 1.2690502651028042 -0.05070480613560394 -0.06266827280138079 0.9967454870256399 0.7782915356464029
0.7882587803816873 -0.6152913840919287 0.008041956905439494 21.004904393588685 0.6125129730954929 0.7858174616384164 0.08554935593712229 1.5275537338157257 -0.05895728990337953 -0.06250922323699251 0.9963014055318272 0.7670244060107656
0.7593142306181979 -0.6506716351559778 0.008269682073446897 21.262280997838026 0.6476538117594371 0.7569035279485375 0.08741571380426574 1.7759717332504505 -0.06313827478870589 -0.061020099561741065 0.9961375213259055 0.7544432973055067
0.7223726501683434 -0.6914161614668662 0.011023212265215989 21.56304762984172 0.6878454663748417 0.7200970705216373 0.09126193588300052 2.0967315197634115 -0.07103775751381407 -0.058342855180374666 0.9957658379076619 0.7364482216632651
0.6848671110886795 -0.7285952517698372 0.010298762301830865 21.871392346356238 0.7247293392433319 0.6825646794500657 0.09419533287022683 2.457649646869504 -0.07565984056524448 -0.057047465571497896 0.9955003922071796 0.7056720641770287
0.6494352936812448 -0.7603542362018602 0.009762175397777415 22.14605209040072 0.7563927420362262 0.6472642124820093 0.09444033334515281 2.8102335398817506 -0.07812681099477525 -0.053948842389163615 0.9954825862343316 0.6771598088301959
0.6142689754872458 -0.7890345574165617 0.009907482715394272 22.427419301708273 0.7846055355885795 0.6120623143137129 0.09886250274032349 3.1906598084041238 -0.08406992415772686 -0.05295469786423674 0.9950517089645938 0.6487515630298806
0.576199668707507 -0.8172175307250253 0.012227612788566591 22.67046273835569 0.8126703586735824 0.5744569901285812 0.09780578793273127 3.573941661807229 -0.08695283816233648 -0.04641863984888497 0.9951303278954126 0.6186727193893382
0.5339882665818759 -0.8454171659558016 0.011243305457010393 22.926708894833197 0.8412127602604795 0.5325748910075124 0.09340768153991048 4.0149958930239755 -0.08495635566001107 -0.04042058995251512 0.9955643872839152 0.5827861588230878
0.4898054688536697 -0.8717592677825172 0.011244864329198322 23.16057133937024 0.8673401876795412 0.4885490487064942 0.09508282374528898 4.458373450948621 -0.08838299636107154 -0.03681896050118968 0.995405779463324 0.5460477247166837
0.44465556644414844 -0.8956511034487319 0.00951805540844117 23.379080953150254 0.8912208613333169 0.4434677360075919 0.09519275693024863 4.92729197051624 -0.08948044390400459 -0.03384529600859855 0.9954132819005227 0.5081550606043471
0.4020547775285762 -0.9155718706469733 0.00895381504749037 23.61487310586243 0.9103771559742455 0.400779950436002 0.10290181114120353 5.499028635551072 -0.09780250830258444 -0.03322081238041734 0.9946511462224555 0.45801111687605844
0.35960661848293163 -0.933039294294575 0.010991838017743243 23.813477265790844 0.9276126660809842 0.35874161806079746 0.10411104996411012 6.038267862592049 -0.10108292509079607 -0.027242851052808603 0.9945048642458918 0.41634332845500477
0.31990737396727487 -0.9473008475749258 0.016746388346290518 24.01146338894968 0.9415505622564282 0.3198353259263487 0.10577249421078362 6.645233223497516 -0.1055544543829473 -0.018069826630418465 0.9942492616102873 0.36141125577302635
0.28468348870820753 -0.9584921655570315 0.015752621374599304 24.19757756149926 0.9529768691298628 0.2847495886200235 0.103695111801628 7.314983269723045 -0.10387649915914147 -0.014508399710993986 0.994484306033737 0.2995250642185437
0.25629106313891514 -0.9665290164409539 0.011688309983139657 24.355470935322565 0.9614784767861337 0.2561576446103917 0.09971116944481526 7.931001800239588 -0.09936778315551373 -0.014317020446598903 0.9949476982653043 0.2492736103845563
0.2293542425118776 -0.9732840302596373 0.010718821801649668 24.507755401068827 0.9684908167147992 0.22929526423467617 0.09720667295012092 8.601042593943639 -0.09706747225967116 -0.011913679788277893 0.9952064236881497 0.18439135869855333
0.21178588232839274 -0.977274562700847 0.009013012909550158 24.676071841830687 0.9721070732348938 0.2115990028425456 0.10116134484134688 9.362832235943793 -0.10076954808338943 -0.012662928437542555 0.9948291331226644 0.1192002213882295
0.20343873714811542 -0.9790545581088096 0.008057154050833073 24.823579648333457 0.9737986568383596 0.20318711207176968 0.10213271246334844 10.085256038155809 -0.10163060195900507 -0.0129317015909652 0.9947380798615026 0.052974127382788394
0.20160121356915206 -0.9794478307302285 0.006242020726504829 24.976120647101872 0.973550491031617 0.20107866388392945 0.10847455863072968 10.844366909681142 -0.10750030237777274 -0.01579167747299479 0.994079555970453 -0.016061413018748416
0.1995874318685781 -0.9798372411773709 0.009159863507671681 25.11032791199975 0.9741566417160227 0.1994218537268531 0.10606450482648003 11.512122852536354 -0.10575262291384345 -0.012245997636230951 0.9943169886790997 -0.08630895094144596
0.2008293860144228 -0.9795669307436145 0.01078198330826229 25.27610487439576 0.97437899487237 0.20087920321538455 0.10115847762022999 12.325281865754759 -0.10125737010266653 -0.009809854426772343 0.9948118251424005 -0.16089545877085232
0.2057342697583779 -0.9785622483928506 0.009455237954218286 25.458155305935193 0.973643118273373 0.20565296650707654 0.09861974007835383 13.22377077608499 -0.09845004695454174 -0.011083430301221957 0.9950801985340395 -0.2414909045661721
0.20780710614056555 -0.9781119594144366 0.010642685064861948 25.63028152358928 0.9732234468862888 0.2078368195799824 0.09818297400786481 14.029808952896381 -0.09824587755375047 -0.010045406584039698 0.9951113973005193 -0.31045808186058055
0.21531408225208412 -0.9764739401850561 0.011770954968444573 25.827569272121423 0.9718959289706898 0.2154482364261188 0.09486979602832205 14.952783303583033 -0.09517390988087947 -0.008986657451788834 0.9954200231826601 -0.39912510786844535
0.22348423607454834 -0.974648340562582 0.010745870008317069 26.02360899053175 0.9698590560047727 0.22345729801596423 0.09716051140414995 15.815781235729215 -0.0970985690375775 -0.011291860787078317 0.9952106397431437 -0.47430546324402834
0.22835526007306867 -0.9735443833716532 0.00807923634532165 26.229164168329646 0.9690906776530798 0.22809076043678808 0.09400947301544996 16.704027321640687 -0.09336518859861967 -0.013638042351877834 0.9955384477989235 -0.5542837946097174
0.2310430286028087 -0.972920451708152 0.0067066265366438485 26.450808232774442 0.9686933755669369 0.23067187512840734 0.0917798871477741 17.660727250911545 -0.09084155454497944 -0.01470843564439892 0.995756661828523 -0.6313891586908978
0.23191214054344905 -0.9726627639025526 0.011998835087529225 26.68665910857984 0.9684924140280491 0.23203370462086564 0.0904583960581837 18.662629522534225 -0.09076964285528202 -0.009357617093159461 0.9958278780117575 -0.7137581605440569
0.23637434485159478 -0.9716104345616748 0.010019870473598395 26.92875742667289 0.9672734796486728 0.2362732024244166 0.09250355080665627 19.67772325342918 -0.09224483716756395 -0.012173508657604817 0.9956618659916782 -0.7938365502356504
0.23552277177517214 -0.9718025037251641 0.011357067680429003 27.17949670172382 0.9669598289378658 0.23549016271398823 0.09763703197441646 20.651750972593668 -0.09755838459067287 -0.012013913604247903 0.9951572152997263 -0.8735408316416824
0.2353525777349136 -0.9718241484723017 0.012924931608033655 27.415048187419686 0.9664014356658311 0.23541180171516313 0.10319625130605094 21.620994214723144 -0.10333128486607726 -0.011796828736522068 0.9945769633803232 -0.9566554015828185
0.23400516976121855 -0.97218029262626 0.01035009234730273 27.65682825502208 0.9665393519162863 0.23377168586028588 0.10560491283394648 22.599964204330487 -0.10508656786251543 -0.014708321260100498 0.9943542297530215 -1.0413170351126628
0.23958506033377025 -0.9707605146988025 0.014936104714240086 27.901064581693966 0.964323572288354 0.2397243233399019 0.11230411504319016 23.59113216289838 -0.11260094191450726 -0.0125031477245505 0.993561550616811 -1.1283006333186727
0.2407157479858726 -0.970495370084574 0.013954589691671074 28.130554594708993 0.9633200182203002 0.2406437158874958 0.11876473393764207 24.530912936168864 -0.11861870214865056 -0.015145803401454074 0.9928242864812645 -1.218143753361323
0.24107809940708003 -0.9702810239837086 0.020884198353088523 28.383553389578392 0.9623798666372353 0.24178304127055375 0.12395914961243981 25.56529686949384 -0.12532464860026618 -0.0097853017418052 0.9920674553729597 -1.3266099375170533
0.24066798450018434 -0.970446825398846 0.017661980845200282 28.636702385142677 0.9631023769578203 0.24102602356800096 0.11975051143345676 26.63434853159495 -0.1204684939699382 -0.011809815941392842 0.9926468283811636 -1.4604245624043029
0.24786151699623868 -0.9686781543779995 0.015078689618498852 28.92267264508278 0.9616030486797741 0.24788459970126137 0.11778250943196056 27.808366235618507 -0.11783111227377722 -0.014694034825428314 0.9929248561739258 -1.5915088571399951
0.24191910321051963 -0.9701921220124827 0.014228813871466954 29.153082400095673 0.9638482351463782 0.24197336425765492 0.11155889979031028 28.69408721329909 -0.11167655353837924 -0.013273809207755317 0.9936558806075889 -1.6882850999228207
0.23761125633105612 -0.9711866147260585 0.01837159490001699 29.408934354080376 0.9646051139916669 0.23814325824266058 0.1132461043130084 29.744974959280007 -0.11435816582825861 -0.00918721233707509 0.993397030761119 -1.7915678955167043
0.23402671808184036 -0.9720891257430027 0.016561766013987518 29.70313476002556 0.9654255711521582 0.23436694888137 0.11412938869960934 30.96780024916261 -0.11482546189596798 -0.010720171369041461 0.9933277640906517 -1.930767022438329
0.23028138237304588 -0.9729980369883791 0.015664297193763176 29.981187367710795 0.9659096193995304 0.23050096591429356 0.11784663504492668 32.089197993890096 -0.11827517361611865 -0.01200758810836757 0.9929081814654536 -2.053499767890009
0.2196036276848406 -0.9754721393599477 0.015113480659309925 30.258910002761674 0.9675538063002812 0.21975293177683075 0.12469241523326749 33.236532417628936 -0.1249552017071235 -0.012759798356423041 0.9920802592529361 -2.173523992838891
0.2186027777951847 -0.9756985777703264 0.015005870006303648 30.496732548128204 0.9666556014383076 0.21862740390665375 0.13333763158373896 34.2948885342143 -0.1333780243380014 -0.014642465596914633 0.9909569902433063 -2.305268031919016
0.21673744512302848 -0.9761318720550893 0.01383884016901441 30.738443312352462 0.9670502318913632 0.21661727640300185 0.13375620393083315 35.35168397530169 -0.13356141802846375 -0.015607121495741132 0.9909175652192168 -2.450693765890079
0.2201293084646807 -0.9754284334511657 0.009084273626484953 30.98570401549254 0.9653426580265745 0.2191728041667258 0.14169245581633003 36.42923929761131 -0.14020186793767836 -0.022421222215280454 0.9898689714847599 -2.5863034227116986
0.22526918064796927 -0.9742752609081031 0.006448060956198048 31.222415719026554 0.9648303669684616 0.22399590357843577 0.13757948859828123 37.47494903387692 -0.1354846237039865 -0.02477113025783751 0.9904696681537887 -2.7283718066858795
0.22003714527933285 -0.9754532025410977 0.008646942066002842 31.45659040085313 0.966048737977687 0.21912899209165407 0.13686576710045004 38.477183086947186 -0.13540093884560897 -0.021762182001432418 0.9905517901055967 -2.853908084657749
0.2229650036375396 -0.9748110260008251 0.005489626361195549 31.70780911857908 0.9655047920957692 0.22160633124485538 0.13671520734607953 39.54123271238748 -0.13448801987393771 -0.02518244272223277 0.9905951104139706 -2.9843362741032378
0.2288633753581918 -0.9734376671996391 0.0063819083380492435 31.971095256760528 0.9643016803689275 0.22760277886511024 0.1353482981715078 40.67245770064202 -0.13320566416948268 -0.024822180040317533 0.9907774553845837 -3.132103147732439
0.22814232171427495 -0.9736001015874927 0.00734768596903424 32.207716582185704 0.9654015550152324 0.22718722521954515 0.1280067177869817 41.611979380687906 -0.12629664673231844 -0.022110279108627964 0.9917460099587234 -3.2409829785601705
0.22708935134762934 -0.973870808521327 0.00247791686403052 32.44865138104261 0.9651100864965607 0.22538562656917516 0.13328074806963913 42.62631096194892 -0.13035670937159138 -0.027875172477456064 0.9910751529365975 -3.3544966722548697
0.22446237476490907 -0.9744811224056809 -0.0018026778184605141 32.69509000752145 0.9664470401791085 0.2223739643805917 0.12856848767128334 43.707333854257385 -0.12488668854568924 -0.030600976938925717 0.9916989215087475 -3.472245628290824
0.23334944446581035 -0.9723845098857855 -0.004057950114717463 32.949441017760364 0.9644359916973445 0.23090518484366934 0.1286309879401212 44.80222022930879 -0.12414177149367707 -0.03392959875115775 0.9916841526343632 -3.612295599610842
0.23766011190691333 -0.9713354988721996 -0.005008502425272004 33.20343215449452 0.9631325537428973 0.23497758975675478 0.1310005105340148 45.837341098270166 -0.1260685533600646 -0.03595744363097998 0.9913695767918053 -3.72959948904781
0.238911649889802 -0.9709753113701176 -0.01132402375886781 33.47225729785054 0.9623062853999563 0.2351857358689899 0.13658038018280977 46.8810217640681 -0.12995292100572536 -0.04352781863728012 0.9905641942922717 -3.859290104064747
0.240235143727986 -0.9706552797899385 -0.010745640574942693 33.76646447114598 0.961568189047793 0.23644090103307622 0.13957877939499322 48.02909028551299 -0.13294216273036266 -0.043864389683057635 0.9901525904492926 -4.016314392892807
0.24599495207307118 -0.9692052956561017 -0.011297950442082812 34.065562545274055 0.9601442827102145 0.24206624871054067 0.13973834527958184 49.15106891248075 -0.13270028429933411 -0.04522258539839463 0.9901239356787103 -4.16158116462602
0.2515171404024331 -0.9677145372490363 -0.01636361017997112 34.3262429812764 0.9579114177650896 0.24648101001904094 0.14714871709481706 50.19301780417407 -0.13836462568513416 -0.05268530842098278 0.9889789402827225 -4.299008400416148
0.2523311304314157 -0.9673608586129999 -0.0232816471964371 34.587323080585406 0.9581428576874599 0.24641914123830977 0.1457387684223483 51.2260077308059 -0.13524492902511656 -0.05908156661051072 0.9890490550761257 -4.4339230455378695
0.26138342442261364 -0.9649319651103987 -0.024188290612363324 34.883790364428755 0.9569651347980087 0.25578924439747236 0.1370748363448963 52.33354932709845 -0.12608077960182357 -0.05897643537887599 0.9902652537437309 -4.582199520166
0.2691429002163074 -0.9626913962000804 -0.028061364951666147 35.200049873829236 0.9549656506656617 0.26297744210458357 0.13741684220000383 53.47215240970636 -0.12491049877009235 -0.06378240125697855 0.9901156640888167 -4.733628613883715
0.27363033116837027 -0.9613564986312135 -0.03033462809525501 35.502206548387846 0.9533225090741237 0.26688708703870706 0.14123524344862307 54.545960445486266 -0.12768149149645328 -0.06756492413836498 0.9895111285086975 -4.861232457897279
0.27255016727730697 -0.9615721345042065 -0.03309836430387547 35.81165064024635 0.9531702125887139 0.2651621863832502 0.1454492291950053 55.621893809848736 -0.13108348381620227 -0.07119058038890431 0.9888118512748704 -4.994159940735992
0.27489367862887104 -0.9608739133864657 -0.03398313229709653 36.11658083098087 0.9522068801326493 0.2671782042712353 0.14804655388703009 56.672399821369375 -0.13317451188714013 -0.0730560277735075 0.9883962878707693 -5.12374213842882
0.2778351523415504 -0.9597669130308039 -0.04068373178710306 36.4148162043416 0.9509004015014917 0.2687627283761841 0.15347618638561591 57.70373054317366 -0.13636708723071359 -0.08132724957895553 0.9873144137929271 -5.258098087032668
0.27449935001849524 -0.960431269072426 -0.047137559173220864 36.75042659173436 0.9521531802952748 0.2646296180782367 0.15289016978452621 58.870047323149024 -0.13436649799012348 -0.08685042181662767 0.9871182827479603 -5.413553368961531
0.2809136040938641 -0.958452432493862 -0.049563564632201955 37.066614668480135 0.9501911271934566 0.27048536391651457 0.1548367115291455 59.96586256003837 -0.13499739643598843 -0.09059059050484726 0.986695952943269 -5.561018717599718
0.280702269072754 -0.9582978661382269 -0.05358638959459926 37.35672443729083 0.9504980228340129 0.2697976762927298 0.1541513541395481 61.00113926061922 -0.13326542289857465 -0.09420438449595733 0.9865929843094061 -5.684827850990947
0.27959982318265086 -0.9581710467640768 -0.06109213760149339 37.692038411392296 0.9517900487739849 0.2682514541316747 0.14878433364584562 62.1483240866973 -0.12617277897097406 -0.09974695390229023 0.9869806638030425 -5.830875016425844
0.2846927326026327 -0.9561028683712083 -0.06940762460313557 38.00953084464612 0.9504179795540801 0.2720659956564109 0.15061764729010596 63.248618613856905 -0.12512250319080373 -0.10884599524904379 0.9861525055490407 -5.9594401025346295
0.29177172822952946 -0.953891106253083 -0.07043494356268705 38.33467816408266 0.9482001593946265 0.27878527080913706 0.1522995339167582 64.34413847447202 -0.12564093913732935 -0.11122311411206529 0.9858212966795973 -6.094536676307239
0.2965845685117589 -0.9524136921720273 -0.07032650952092338 38.680702136592615 0.9466824054184423 0.28349952153708896 0.15303712649803206 65.4695217142622 -0.1258171159476176 -0.11196531046427403 0.9857148057498175 -6.2350986310103735
0.3058282330476414 -0.949864606040513 -0.06501067081575401 39.05773432008477 0.943504548092159 0.29321663960298566 0.1543472951389964 66.68956943565814 -0.12754681522330008 -0.10854161550228625 0.9858754400621231 -6.382774756696701
0.31644982405138306 -0.9463338062653586 -0.0656650686028965 39.43383542265653 0.9399234609480247 0.30345415905753526 0.1563949437723352 67.81913785876844 -0.12807547720167398 -0.11121128219137343 0.9855092990632061 -6.517525595493306
0.3172899365737899 -0.9461112689419933 -0.06481225337409001 39.772479626943024 0.9386719842733656 0.3035964259498421 0.16347487151903534 68.82100681523389 -0.13498864216588688 -0.11270636920853677 0.9844161703838354 -6.653699576838945
0.31714850533469724 -0.9460804284570286 -0.06594477774614305 40.17483539734043 0.9381123067474852 0.30275466250940203 0.16818094953088777 70.06129841245813 -0.13914760810985868 -0.11520193529289821 0.9835478193505456 -6.806239371590111
0.3206003651773406 -0.9448707693130951 -0.06659354625855785 40.52197544453521 0.9364938091479236 0.30563981098775994 0.17194059699314607 71.09847361883209 -0.1421079973336643 -0.11748865279768735 0.9828537985095938 -6.940987117228997
0.3229829431940037 -0.9435558275950837 -0.07337904247501696 40.90884999759018 0.9369025345267463 0.30781802924101764 0.16571547664269468 72.27899887304821 -0.13377440406924096 -0.1222722737670637 0.9834397569606838 -7.112543471801226
0.3284777317963084 -0.9418438649687586 -0.07094067234047038 41.28235670944765 0.9344225852121616 0.31310236027906224 0.16976825898995784 73.36677194553785 -0.1376834936103599 -0.12205364962122214 0.9829272698875146 -7.2629309850826775
0.32724466218244136 -0.9423151911210274 -0.07037809966954403 41.66572320553258 0.9343096706778173 0.31152464114851347 0.173256326760609 74.45247382346652 -0.14133754854919656 -0.12245213775201136 0.9823589094710766 -7.402410243291119
0.33147840877143236 -0.9407023464558268 -0.0721195198841166 42.03631162958361 0.9326833608954957 0.31521016147218434 0.17534029753807973 75.51482609975616 -0.14221021589560892 -0.12538618933676726 0.9818627265079704 -7.544978780788252
0.33671460240358364 -0.9386694691479004 -0.0743166836938401 42.41188514212916 0.9322166974432345 0.32119838517052873 0.16674394711429266 76.5825775747246 -0.1326470462268258 -0.12542436562201248 0.9831954766590165 -7.687992676613002
0.3432363270508989 -0.9361557845113929 -0.07616584651877471 42.79391841099085 0.9302911130630045 0.3276701092774628 0.16489591253112443 77.66647568048388 -0.12941098402301626 -0.1274546677056018 0.9833656291438022 -7.835679054649199
0.34927189252894314 -0.933532905517391 -0.08078071962394894 43.14866758727312 0.9285093927642076 0.3332167196646224 0.16381954343719582 78.62526827146353 -0.12601344110394377 -0.13222320880690863 0.9831772431261233 -7.958858463831533
0.34770209852612594 -0.9342622254757942 -0.07910379249441471 43.557663240886235 0.9289150781945724 0.3317913643605563 0.16441163452113824 79.72070219328991 -0.12735761737941012 -0.1306469659458476 0.9832147594863093 -8.09592433355983
0.34659251854208184 -0.9347468560942426 -0.07824325127473254 43.965393765718254 0.9283856458226873 0.3299168621255899 0.17104056315089813 80.83369905951344 -0.13406585335346008 -0.1319212808487166 0.9821522174851408 -8.237423759603958
0.34456608304318026 -0.9352711587779562 -0.08088349171415747 44.3586676318582 0.9287728182006965 0.3270961906326279 0.174324558718902 81.8678127126 -0.1365840424744976 -0.13518870863862864 0.9813606208143271 -8.37491651642366
0.34439175284699847 -0.9355024009409881 -0.07892809171691259 44.74389482919557 0.9281225182046161 0.3266012904931474 0.17866198749905643 82.89952048336934 -0.14136069380991373 -0.13478464402564402 0.9807395728059499 -8.510988400320786
0.3491583626877515 -0.933501095948846 -0.08163459367796741 45.146916631592454 0.9270053711521625 0.33136723905971793 0.17566078748645456 83.98664254943105 -0.1369285001641295 -0.13700912936580284 0.9810601102890503 -8.662895239196164
0.3506347849567113 -0.9319320931413713 -0.0925088461119158 45.568466828373474 0.927348036360849 0.33172044301851056 0.17316779339317387 85.12201871833379 -0.13069354159463387 -0.1465065377927627 0.9805380605853944 -8.811631607966396
0.35421664443490525 -0.9308650386990156 -0.08955955443508405 45.92146457540292 0.9261466386550186 0.33592195306884953 0.1714898325901583 86.0561363708471 -0.1295488621363995 -0.14368982254450288 0.9811066113850373 -8.931402235768132
0.3572139858172712 -0.929334680807905 -0.09346274467220883 46.35030635633762 0.9249578085689513 0.33806453328700914 0.17368172393242837 87.17516081637172 -0.12981200323188946 -0.14849062525359022 0.9803566869848234 -9.07347723327378
0.36071771477871567 -0.9272090284349862 -0.10082764051055099 46.759623084190174 0.9236959142185357 0.3401866154109455 0.17623519023909232 88.2438532374646 -0.12910663871994446 -0.15670522303899023 0.979170467588701 -9.209573443399194
0.35959415786421534 -0.9275908239739697 -0.1013280324819964 47.15410149560045 0.9234138635925161 0.33814056699420963 0.1815701269629907 89.25922474754809 -0.1341596579667657 -0.15885925509678936 0.9781435369778153 -9.338230729980548
0.3630320935134397 -0.926193430318447 -0.1018503508666122 47.53216643412128 0.9215930931995581 0.3407964924510831 0.18580591709439553 90.22882369877215 -0.13738196984198403 -0.16131807905021867 0.9772934704688355 -9.459693742360903
0.3615065871538284 -0.9264243190790107 -0.10512389700176507 47.912861675223446 0.9223817691740104 0.3388946168679515 0.18537051567260335 91.16702015625008 -0.13610582348481673 -0.1639770164899655 0.9770294768141371 -9.591312428671696
0.3664742386209587 -0.9248203547639425 -0.10200004460263068 48.337966014761086 0.9204864223631525 0.3443901482032192 0.1846620957127597 92.23664157933247 -0.13565144695245346 -0.1615635451361766 0.9774946350286907 -9.735048449478395
0.37233575217030707 -0.9220351559923462 -0.10591186915259274 48.70939874292302 0.9184439704424339 0.34963868202038745 0.18496859928205014 93.1803518501771 -0.1335166576595119 -0.1661445279505931 0.9770205492448171 -9.851154961404262
0.37869692300240515 -0.9198977467457382 -0.10186678211310382 49.11230388761098 0.9146544285696079 0.3551606577866014 0.19304947807744088 94.20369458398049 -0.14140669876894096 -0.16628013450492016 0.975886734257328 -9.995644780006216
0.3811505622786308 -0.9192883286062992 -0.09814928945425419 49.524466409594794 0.9140836599440239 0.3588198798300794 0.18894251503948234 95.19636077146494 -0.13847472501379327 -0.16173219564880986 0.9770707769195158 -10.128514497310126
0.37742445136871583 -0.9205692199344084 -0.10051447694652281 49.99586565795546 0.915445733854098 0.35453026200699134 0.19043980470732896 96.31218862173425 -0.13967759094124993 -0.16389217585769605 0.9765394927849134 -10.283329093517873
0.37855958220180685 -0.9200050057800202 -0.1014075801917833 50.402704571520744 0.9148656599714572 0.3553063141468319 0.19177634071950192 97.33072521929803 -0.14040443218810664 -0.16537307204061996 0.9761855346976416 -10.424454631728393
0.38527338874443157 -0.9170623104323143 -0.1027676990468423 50.8742981649807 0.912236892318002 0.3616892699219941 0.19236590613897406 98.4565711677042 -0.13924154065878383 -0.16786193864043486 0.9759272609154743 -10.584598999602179
