1.0000000000000002 0.0 0.0 0.0 2.168404344971009e-19 1.0000000000000002 9.791700870259712e-19 8.673617379884035e-19 -8.673617379884035e-19 1.6601845766184287e-19 1.0000000000000002 0.0
0.9999307750428449 0.011708173639772645 0.001198913535320048 0.2882497684910874 -0.011704511015851498 0.9999269038115511 -0.003019153826545389 -0.018301197059693932 -0.0012341745551029803 0.003004912561234472 0.9999947211455923 0.0068382622662282455
0.9990724945649666 0.04170454289459578 0.010721721275805927 1.0155571072784157 -0.04164514757551478 0.9991161409200819 -0.005704600816915375 -0.05550596166333775 -0.010950152434423252 0.005252802536690521 0.9999262458964449 0.010054330390244816
0.997580576640159 0.06925044254542581 0.006119061936200357 1.725306864612758 -0.06919631588094137 0.9975654887539221 -0.008653863285094633 -0.10802336159378809 -0.006703448770489729 0.008209509815487789 0.999943829786731 0.020805249701876548
0.9951534797467638 0.09833257144391587 0.0005751022200006749 2.495888356178386 -0.09832267878626821 0.9951090131623714 -0.009519800071821708 -0.17868279512173402 -0.00150839573974252 0.009417117010233067 0.9999545177931305 0.025859443004922163
0.9920046105603015 0.12619984014152366 0.0007256561081691536 3.165560722049478 -0.12618614697597205 0.9919550635092795 -0.010106043922492324 -0.2574193500617882 -0.001995199306688218 0.009933674851917495 0.9999486668269761 0.03817297486102082
0.9892059702537376 0.1465288392324437 -0.0009598379985202451 3.7546169019162248 -0.1465319687303787 0.9891827850423588 -0.006761933890971816 -0.355959060914587 -4.136303934842338e-05 0.0068295927667049745 0.9999766747065273 0.04419411997031386
0.9862794367117128 0.1650846495963885 6.920038503394218e-05 4.373053534178098 -0.16507685674290762 0.9862367639661019 -0.009305944533308675 -0.46431556453459794 -0.0016045165026715175 0.009166838788245217 0.9999566938616925 0.053794669229414914
0.9827755957061909 0.1847580041939095 -0.004084356993979241 5.014420093673994 -0.18478739957149298 0.9827402075565479 -0.00867324883896022 -0.5861213256122969 0.002411409734329301 0.009278595440971576 0.9999540428315291 0.06342563592193429
0.9798328124140453 0.19973544398083815 -0.005786686097331736 5.6197486110888075 -0.19977172738200225 0.9798203851489278 -0.006572185292710357 -0.7082152103507544 0.004357214683713003 0.007595659517908793 0.9999616570859464 0.0800386343810372
0.9766580440855135 0.21462897884654908 -0.00857554451776675 6.329361740191006 -0.2146854626684604 0.9766627941245626 -0.006313677671158929 -0.8701504812657561 0.007020317098876729 0.008007349269086549 0.9999432946477004 0.09364619053245048
0.9749169859890731 0.22243088477014492 -0.007838720034642872 7.132142151985611 -0.22249993812617946 0.9748869624195653 -0.009439908490188168 -1.058131147421973 0.005542138784734703 0.010947242293950778 0.9999247159607726 0.10579999252803153
0.9743392291433002 0.22492526473426133 -0.008471448405746122 7.939694532850841 -0.22499187231773174 0.9743281240095707 -0.007955374853258602 -1.2535176850725616 0.006464605654135526 0.00965724127974586 0.9999324685047409 0.13083466420075632
0.9716468833518976 0.23618225221994082 -0.010970479036459202 8.813431004910043 -0.23623379447607787 0.9716893492840232 -0.0036505711237827853 -1.4545107546523983 0.009797697533347551 0.006138664389041733 0.9999331562299287 0.14306295014546128
0.9704074264086612 0.2413109169970691 -0.008862376113762277 9.66533973261634 -0.24135647758465634 0.9704261521608252 -0.004478589550999041 -1.6640727017383092 0.00751954900704377 0.006485048885806221 0.9999506965491163 0.1557363263341159
0.969660684777001 0.2443567692661732 -0.006928153651939623 10.635045294635317 -0.24438747656697296 0.9696694118713386 -0.003989588001715067 -1.9165659174172764 0.005743135850345362 0.005561701066993476 0.9999680389278597 0.18431679758083896
0.969357064043916 0.24554948534544874 -0.0072392151628284844 11.527367901648468 -0.2455577334187189 0.9693818931696269 -0.000261891648021539 -2.140660677165605 0.006953256746317276 0.0020315122354586062 0.9999737597477449 0.19981316410508052
0.9688717956040385 0.24744221065546182 -0.00773754937777958 12.275730060316162 -0.24745053226151098 0.9689004811969542 -0.000124313754038953 -2.324676136516871 0.007466154849895752 0.0020351052513687155 0.9999700544935118 0.21416563013243148
0.9696836005744724 0.24408137976653302 -0.011750252321616675 12.950805699519403 -0.2441263956556307 0.969740049976949 -0.0025420953952547914 -2.487431549803555 0.010774212124154515 0.005333575408474929 0.9999277295544161 0.22687043395387457
0.9710780347681622 0.23838257955470193 -0.013463645757339422 13.685083702670607 -0.23839928138522293 0.9711671161467749 0.000372805940905426 -2.6686700154473133 0.013164320466721561 0.002847700261138369 0.9999092890233873 0.2473044338948402
0.9725352727664849 0.23241342380506377 -0.012618132257016728 14.417477573402067 -0.23240471636890703 0.9726167062592729 0.0021712551565441452 -2.8368025460680206 0.01277723508498494 0.0008208916729357844 0.9999180283432377 0.269569642569943
0.9736230245990961 0.22777741336103238 -0.013256301689924352 15.168287311828479 -0.22776836905562567 0.9737128029529377 0.00220709251672662 -3.0087246141896 0.013410556506309549 0.0008704905743078937 0.9999096930351935 0.2915927859868517
0.9742026473150855 0.2251568454087933 -0.01528628572508335 15.987587799784196 -0.22516240050370853 0.974320233819145 0.0013781161482242761 -3.196187718485671 0.015204029771970896 0.0020993328375705058 0.999882205705109 0.31897246970341014
0.9763797485428286 0.21554450831463348 -0.014940721946240475 16.873722163634465 -0.21549352544982633 0.9764926310020745 0.004960435661846394 -3.4072771487458597 0.015658699557573968 -0.0016236396261172482 0.9998760742851657 0.3308360042819091
0.9781530367993045 0.20728873283819596 -0.015750918705339494 17.832037395618315 -0.20719798300192677 0.9782724438872424 0.00720730219423591 -3.613049438012917 0.016902682286140638 -0.003786285486781691 0.9998499679347548 0.3528234058003577
0.9807437614055414 0.19456859005430094 -0.01687636897619727 18.788806789910076 -0.19439319745366754 0.9808563452059793 0.011490808805821548 -3.810086611924687 0.018789044077640538 -0.007988887263017434 0.9997915505285746 0.380813795064309
0.9820155581104185 0.18795417522023772 -0.01785343798242771 19.727099467265585 -0.18783050651931857 0.9821656468147801 0.00838253372819977 -3.9975499632322458 0.019110565695005237 -0.0048783577820597146 0.9998054725343081 0.41780011952684754
0.983216896287651 0.18136666478494481 -0.019767178875433153 20.550851624881265 -0.18110714245296564 0.9833604396168691 0.014225771794266038 -4.152532414023796 0.022018342510773545 -0.010407041447888185 0.9997033965565808 0.44655014033444074
0.9852225541625754 0.17049708012365172 -0.016350475225801863 21.419515134620617 -0.17020342171611655 0.9852456646233658 0.017935980906867627 -4.298784623414971 0.01916726723050353 -0.01488802562297467 0.9997054353985219 0.4757349635294712
0.9876588173397295 0.15593217512183086 -0.014672794358647942 22.125857927131158 -0.15569721220443453 0.9876753363980731 0.01599161707971147 -4.408780216085329 0.01698556477426502 -0.013509747970463233 0.9997644584123093 0.5011291416279732
0.9897413358725075 0.14227753036218468 -0.013010227544960035 22.96301097818985 -0.1420447486400119 0.9897081962451586 0.017346455057282033 -4.520440385805021 0.015344339665768043 -0.015320468633353825 0.9997648871041933 0.5264499714751862
0.9917952663219417 0.1262268281129809 -0.020224024509336944 23.714061303061854 -0.1258190685068551 0.991845266936193 0.02030892144952813 -4.612947648392119 0.022622633766836237 -0.017597723764513625 0.9995891813966095 0.5522721456408195
0.993654045786496 0.10957879137247904 -0.025381083012837542 24.368872584768727 -0.10896522514925337 0.9937456177452478 0.02441619860650706 -4.680501466798856 0.027897837593870024 -0.021495598631568778 0.9993796300217656 0.5803663898718083
0.9960329036620589 0.08378114538996334 -0.029987465733257543 25.060973081311946 -0.08287502092771558 0.996099674727718 0.030283539219670242 -4.735266459460253 0.032407694514266006 -0.027678189175122346 0.9990914143288594 0.6129160344078657
0.9979606757092044 0.05395489019065286 -0.03410913607777924 25.723588151376724 -0.05300954506956317 0.9982002754276011 0.028037869068159398 -4.764926437333912 0.03556052923274614 -0.026172580502357518 0.9990247443361546 0.6430122263618753
0.9989975117524224 0.02480224008476753 -0.03726786820675631 26.41862131521259 -0.023839860392355493 0.9993763074686536 0.02604958657822208 -4.780255453228042 0.03789071268464463 -0.02513501093089857 0.9989657251993873 0.6810597950377145
0.9991503107130333 0.0014702847926013926 -0.04118942177437484 27.12629198750985 -0.0005154029598302382 0.9997310488225 0.023183792057318575 -4.784243339175508 0.0412124306824256 -0.023142863425109284 0.9988823446408078 0.7110635593720018
0.9990499630472918 -0.020380776943867456 -0.03852101851974868 27.89103322570151 0.02133164417642274 0.9994737256353781 0.024436786928145274 -4.7686201703365265 0.03800270527961357 -0.025235287275665777 0.9989589429365603 0.7502371756122005
0.9985517639462548 -0.03880431663508326 -0.0372649075101043 28.66414304045215 0.03967971016611826 0.9989466085404316 0.02304599142598483 -4.740209178104179 0.036331369124285126 -0.024491275660843394 0.9990396408748974 0.7834836760691184
0.9974870415406154 -0.06004752304726536 -0.03760279957487568 29.3751922599786 0.06099742264975896 0.9978335945854534 0.024644589281699086 -4.699122838608104 0.0360414902308274 -0.026876331852478147 0.998988823147427 0.8170177918476114
0.9961648674920097 -0.07996045704196618 -0.03552401561895909 30.13318837926604 0.08081773441232026 0.9964544215444302 0.023388104307928523 -4.639410045612266 0.03352793904365252 -0.026169377833706913 0.999095108572085 0.85199464837522
0.9944720911887239 -0.09993476422179834 -0.03222384750599171 30.90069796378588 0.10072355126454405 0.9946282989046031 0.02385868967269784 -4.557099474400954 0.029666438234025316 -0.026972500915714195 0.999195867506588 0.8892564660911345
0.9918700620738753 -0.12452851320599091 -0.026201201531638643 31.538092032092347 0.12508613712568356 0.9919269727903268 0.020838972721721884 -4.479005292748625 0.023394632378910946 -0.0239469598102923 0.9994394575446199 0.9135920206243151
0.9886948362832002 -0.1478722523689134 -0.024827228756141136 32.30109653707078 0.14837837074303506 0.9887293873695009 0.019949473218046087 -4.359045366854987 0.0215974373016601 -0.02340776447071421 0.9994926824493858 0.9450293156448226
0.9847792945012617 -0.17247449900883569 -0.021502602509415186 33.12431800598018 0.17295562220410007 0.9846614680825541 0.022979770573390013 -4.213474949559908 0.017209359914895098 -0.02634899781091808 0.9995046589441513 0.9678688884126897
0.980594746854766 -0.19513090220934926 -0.018919488503447435 33.95539553476883 0.19553383889313486 0.980438986888743 0.02249076855940765 -4.053897658248885 0.014160760370745101 -0.025753729286276533 0.9995680133432422 0.9876799689146027
0.9760075060256932 -0.2169969440172434 -0.017937337319497378 34.68471205012795 0.217377720729886 0.9758155260853271 0.023041471637025746 -3.9084359420642203 0.012503603523380053 -0.026387826341284316 0.9995735778447212 1.008922487063638
0.9709611624619426 -0.23879625372710636 -0.014520461352257229 35.415869531139954 0.2391217308307703 0.9705891523732251 0.027882234021420694 -3.727742130294806 0.007435229462349754 -0.030544723779626488 0.9995057439642122 1.0199179384969372
0.9683755761254309 -0.24913460516295152 -0.01344491262411095 36.18563108007668 0.249437295160062 0.9679165216151496 0.030307866994656985 -3.5308947765725174 0.005462814806310152 -0.03270306037167556 0.9994501801000905 1.0337323632689406
0.9662839358701047 -0.25700457344879 -0.01562299930278117 37.01420933241246 0.2573858078286426 0.9657865511228584 0.031761729057399636 -3.3091603705440873 0.006925573210654791 -0.034711986430315055 0.9993733583797149 1.0503495935079366
0.9634447825636 -0.26684746528337994 -0.023804512686520084 37.69369870594635 0.26754109929386993 0.9629658961166397 0.03344199364585 -3.1349957900297247 0.013999022872058245 -0.03858819935711031 0.9991571314034585 1.0578488555632029
0.9623027619224916 -0.27121732843189966 -0.0203624349240776 38.60454297849073 0.27171729607178713 0.9619665811057716 0.02810572335333717 -2.8861125272195203 0.011965222929189495 -0.032579040544220624 0.9993975357998724 1.084957189267697
0.9606283284561496 -0.2768317403156497 -0.023610923801970253 39.444675964847534 0.27738219117223895 0.9604464744476494 0.024527812288766992 -2.6438660596777948 0.015886951783329602 -0.030111360680263204 0.9994202848283608 1.1042163705050718
0.958425377125364 -0.28442998495598226 -0.022813455272562226 40.323462896099805 0.2849778361427207 0.9581789876494529 0.026088011970768096 -2.3833697714332907 0.01443916085156594 -0.03150474141111747 0.9993992980325259 1.1398698953352333
0.955623368716162 -0.2937315613259674 -0.02249045677645353 41.17297320903779 0.2942838433763554 0.9553269469983059 0.027338026641323544 -2.120109931632128 0.013455698390900071 -0.03274343475446477 0.9993732068985427 1.1619794625692859
0.9524146357027334 -0.3041455360159979 -0.02004814760023081 42.11944186209383 0.3046088815665277 0.9521013675523393 0.026764510267505197 -1.8128525316171378 0.01094756266366642 -0.0315977547002369 0.9994407074834469 1.184839057128555
0.9511176529276346 -0.3083835448158671 -0.01657929967331457 43.03123650790407 0.3087253577995799 0.9508175118126929 0.025191993091979004 -1.5153738340804868 0.0079950925756216 -0.02907899915613276 0.9995451392049131 1.206191503094855
0.9494664550049611 -0.31341524496420603 -0.016864419520659285 44.059437404963106 0.31372690499964995 0.9492811987305044 0.020989489041478973 -1.167707780706708 0.009430650772403688 -0.025219637489606594 0.999637448136216 1.219786858323412
0.9478724750566162 -0.31786363923364286 -0.022373007947502015 45.058133332159606 0.3183415724381839 0.9477064155446616 0.02260789745152955 -0.8283375173699536 0.014016814847294643 -0.028551661836774885 0.9994940352564787 1.2516862749327033
0.9473785862038706 -0.3188290964070655 -0.028668716190987525 46.099850457288746 0.31947099891766173 0.9473518609961606 0.021509443316082396 -0.46124733846889165 0.020301525491789173 -0.02953640899050999 0.9993575154127954 1.2761030587353457
0.9436065886072219 -0.32987427724093327 -0.028100547205402195 47.06404608931554 0.3305690008688803 0.943444429915875 0.025232264253630936 -0.12850044086019136 0.018187830044195392 -0.03309850019997936 0.999286589086524 1.2978460428406653
0.94374892545488 -0.32950314217569293 -0.027671620851234403 48.064069493127995 0.3301359701545149 0.9436624617032848 0.022612461527637823 0.2210313072425411 0.018661792964855296 -0.03047588325832985 0.999361272527781 1.319725184495479
0.9412019347521535 -0.3368795913390322 -0.025517299219933794 49.07372791431129 0.3375064946906824 0.9409523794792881 0.026417975470869257 0.5837159566438865 0.015110886884191545 -0.03347690343182504 0.9993252488752467 1.3584896451816253
0.9390837108471438 -0.3424462149385453 -0.02919670353399233 50.09918190735513 0.3431010573847091 0.9390545414087921 0.021404590982383353 0.9600093877816231 0.02008737612559611 -0.030118122181878978 0.999344480668208 1.390163986639577
0.9373486167297395 -0.3472120613156055 -0.028660579080725685 51.05759459288961 0.34794516867382974 0.9371402051354328 0.026501308446272794 1.314972913415285 0.017657407272719722 -0.034813274430213724 0.9992378329993497 1.420020385896658
0.9360882021257175 -0.3507299582010905 -0.026971241401411383 51.99872726192314 0.35141662406316576 0.9358207200514305 0.027310439186783986 1.6623680025500243 0.015661657605190095 -0.03504312211246985 0.9992630720080936 1.4430880173845297
0.934735732594419 -0.3543022942075458 -0.02718580754501082 52.91760770160042 0.35507094429561115 0.9342777866362969 0.03239700216240007 2.017637267101599 0.013920764163695962 -0.039935525496524876 0.9991052803052335 1.4696597717610542
0.932773583350971 -0.35934202646127433 -0.028404644386503884 53.736965270318585 0.3600848255198333 0.9325058221371054 0.02778009979927365 2.339604548994656 0.016504939161982195 -0.03614062424943936 0.9992104069051243 1.4979350465091301
0.9299765038387892 -0.36629667965496376 -0.031153144030118915 54.68769098591708 0.3670707031121582 0.9298758070948563 0.024290041797834984 2.7176322725701025 0.02007119354067412 -0.034024574233078086 0.9992194306274745 1.5270215043842224
0.9272688130610047 -0.3733505987009949 -0.027963411370469413 55.652314420564686 0.3740259667928775 0.9270853397179483 0.024844976933276634 3.0930722770895276 0.01664858197550675 -0.033497013847388825 0.9993001399914325 1.5694318948855848
0.9262081887803921 -0.3761058658016485 -0.02613125230768542 56.55609151646983 0.37669542305695564 0.9260456685634431 0.02323578741795185 3.457971961515095 0.015459617329923963 -0.03136469932898067 0.9993884384329245 1.603590461326986
0.9239267564357185 -0.38140796768409524 -0.02978900016265442 57.46668986623193 0.3821966267721887 0.9236606838562791 0.027867605139595884 3.8291535283717457 0.016886001882152495 -0.037132881004692794 0.9991676571497455 1.632052146579219
0.9208050300484412 -0.3889133319673584 -0.02940391907496088 58.45230013833607 0.38969355262240557 0.9205075233848969 0.02836826167457953 4.24110657777481 0.01603373382045769 -0.03758015533214311 0.9991649745214106 1.6707556246255015
0.9173998862141775 -0.39629448848030463 -0.03644448896305398 59.37961359546599 0.39730888671186054 0.917298083797702 0.02664203135933342 4.633721663175013 0.022872369960683536 -0.0389211154780651 0.9989804785218324 1.6910026288226343
0.9121803673461725 -0.40774432493696694 -0.04088540707060373 60.287563925316434 0.4089558188887096 0.9121424854624657 0.027407083856661837 5.028899878336739 0.026118234178873215 -0.04172052855348833 0.9987878805562168 1.7140927021081265
0.9077404078874701 -0.4176939658981988 -0.039232337961863505 61.27520735595903 0.41881985683293077 0.9076754446365014 0.026742074722775476 5.486600723566235 0.024440226822103842 -0.040706143593509575 0.9988722041342493 1.756711544002522
0.9059794927977574 -0.42138370519891244 -0.04045992120833286 62.28603417070959 0.4225215269448278 0.9060009194048144 0.025255041871823244 5.957294851441399 0.026014662960110013 -0.03997573732520037 0.9988619387792105 1.8076103079330486
0.9040383880569279 -0.424644307539884 -0.048906835870193795 63.21066949009442 0.42601336179928073 0.9044572722232412 0.02166984367904761 6.391030497498391 0.03503216785617233 -0.040425335724178287 0.9985682422610231 1.838704568566856
0.9012927424432127 -0.43030711473294037 -0.05007247777806832 64.00593716573775 0.43176737806319654 0.9016963350782037 0.022816099164276106 6.768765541797589 0.03533224015725399 -0.042183646641861444 0.9984849361742268 1.8720416069801267
0.8992987233139074 -0.4336801660439968 -0.056421568814222424 64.92691484102484 0.43542235299663534 0.8999356176844718 0.022873180099129902 7.217446208568694 0.040856135090160964 -0.045137033522595446 0.9981449891852685 1.9182736286582827
0.8972311605915403 -0.4362293275246496 -0.06841265871445384 65.87867189557494 0.4385682274435786 0.8983973535543257 0.023238520557195975 7.6903163551302 0.051324427583687174 -0.050853942839572855 0.9973864219229485 1.9732726503094329
0.8934455975635156 -0.4441246461175053 -0.06714414722672399 66.91179360728394 0.44644978247099626 0.8944850142928071 0.024063972475520105 8.198556383649937 0.049372030477565255 -0.051476339796154034 0.997453048545694 2.0488876748364095
0.8898868012676838 -0.45149316423312397 -0.06523401859276899 67.88491216300565 0.4540042913621111 0.890492009149317 0.0300667407629375 8.690250856462182 0.04451544461072315 -0.05637251974713419 0.9974169184517847 2.113491409717251
0.8828607456599847 -0.46491662917277704 -0.06640410599314632 68.78405528659925 0.4674985722005925 0.8834863635301111 0.02994752545459484 9.152421033232725 0.04474401980004218 -0.057483318998085876 0.9973432888100683 2.1733002351827726
0.8786748092009556 -0.4723242447733539 -0.06957342219824876 69.63815333996811 0.47533124906251273 0.879109348769828 0.035026852617184266 9.612056472645305 0.04461861443332841 -0.06384763431497419 0.9969617113228657 2.232000273391969
0.8745333846260986 -0.48034564823027953 -0.0667794204982601 70.63955636810579 0.48334736087331415 0.874551395425515 0.03918047128598972 10.159051699813029 0.039581866775845 -0.066542286422787 0.9969981920472839 2.295815555725899
0.8710187755759174 -0.4862910234060133 -0.06962332044934819 71.55765557136212 0.489463427087235 0.8711665726486902 0.03865591905075765 10.659235258366834 0.041855483287062775 -0.06774809991275346 0.9968241111060686 2.3473985061171
0.8635260419305474 -0.49908467178753657 -0.07236946107247243 72.50898799234398 0.5022397524007384 0.8640614851320175 0.033954452638832955 11.192422011261291 0.04558551743226307 -0.06566737391082747 0.9967997550207736 2.398807115627674
0.8619296441854288 -0.5012303398149286 -0.0764559253741788 73.46072561980013 0.5046220832709364 0.8627029670691946 0.03316726578139954 11.759782727903996 0.0493343140390184 -0.06716919754060859 0.9965211585136745 2.466102771394387
0.8567031839787815 -0.5097118930033566 -0.07907916472107922 74.36298324115285 0.513338762208974 0.8575081372301869 0.0341032789021721 12.302077073722536 0.050428180655684246 -0.06981078776047105 0.9962848224847178 2.534875288122899
0.85106629728814 -0.5188938494899711 -0.08022097096872759 75.3391832640073 0.5226791300160201 0.851791306788446 0.03546858552908623 12.89059342050209 0.04992709508493996 -0.07211594467851803 0.9961458581477362 2.6124080181957616
0.8474688377661288 -0.5241779450460844 -0.08386968787364028 76.23169957475379 0.5282833749052456 0.84828938966877 0.03635534359919415 13.450170582986484 0.052089097310929554 -0.07511698215452502 0.9958133158070916 2.6797943103511916
0.8431848447848683 -0.531199217264187 -0.08286605278679182 77.18142430164878 0.5351758915751176 0.8440072351308445 0.03519198712308583 14.057446223667291 0.05124559236067436 -0.0740212634913932 0.9959391230492587 2.7553645367049118
0.8385430077883493 -0.5377781277130421 -0.08740928465645947 78.01481907040892 0.54222615660664 0.8393997500335577 0.037400248251825675 14.597111964229324 0.053258296486053 -0.07875731673905498 0.9954701572226328 2.821600387070266
0.8327708036382508 -0.5462432542744308 -0.09006203067226447 78.77927016825097 0.5508810993488671 0.8337712328170168 0.036816701931071186 15.108838013005201 0.05498025554576196 -0.08027334452936828 0.9952554228255063 2.8760513845412516
0.8277059391194184 -0.5536901965848655 -0.09126948095439771 79.61123938629761 0.5587051397134686 0.8283122063129565 0.04180166940232856 15.665100731815992 0.0524544508718831 -0.08559221774304784 0.9949484900490784 2.9357097157210776
0.8254447451064347 -0.5573499051739877 -0.08945462302279522 80.37627167820536 0.5622936400516992 0.8257965323144201 0.04342664399876212 16.188822544042896 0.04966748186410419 -0.08614606029163509 0.9950437138874322 2.985949180498414
0.8184576341878014 -0.5674189922118149 -0.09034855792134057 81.18476022575474 0.5725907626543967 0.8185260045808816 0.04642113938521008 16.75955947200323 0.047612408300936215 -0.0897264852088023 0.9948277295256927 3.041855897883588
0.8104412266636041 -0.5781556703865223 -0.09445164119979309 82.00572530327419 0.5837790609367354 0.8104981312175725 0.04790314330764095 17.34677216292462 0.048857405045776035 -0.09396157223289517 0.9943762728067785 3.1026304102397178
0.8029861827851779 -0.5880886028817197 -0.09677323502987178 82.88092249476502 0.5938333574443194 0.8032780274454295 0.045894204905342205 17.982759277782087 0.05074595479786062 -0.09431958708744143 0.994247785297354 3.165455395753665
0.7943895128709874 -0.599633425863226 -0.09687688077945776 83.7135266284625 0.6052968190069636 0.7947823236853404 0.04400843886674811 18.613955599681816 0.050607101753500215 -0.0935991097007037 0.9943229469949548 3.2245529616819755
0.7909514509103122 -0.6046069976907975 -0.09405452805486218 84.45958235138141 0.6100936601002959 0.7910044733021294 0.04579926806786157 19.18985585136485 0.04670699476993908 -0.09360706841716798 0.9945130307780234 3.2801555889830505
0.7861523640584468 -0.6108588429595453 -0.09389359970132174 85.10201971828828 0.6163223248569829 0.7861713854441925 0.045620920921755306 19.69482337337778 0.04594851870271356 -0.09373371611126392 0.994536434273971 3.3192391553283604
0.7771722217054612 -0.6218275631000048 -0.09661207574593508 85.89384004958805 0.6278255472476065 0.7766343921301707 0.05171099513594817 20.331335000796948 0.042876938946316896 -0.100843877920192 0.9939779048842063 3.3780452486709804
0.77084749390105 -0.629553799870735 -0.09724313763047929 86.64095443604238 0.63566839357279 0.7701348532769036 0.05308413147878691 20.94953539192592 0.04147101316805256 -0.10273415841924181 0.9938439730491353 3.4342146725062883
0.7652966806765293 -0.6352478806488872 -0.1038325299605791 87.40956078520954 0.6420079396425284 0.7649263179044626 0.05209085761611987 21.5860291913531 0.04633362823790439 -0.10652626867280017 0.9932297538748761 3.482474225518086
0.7618140481842113 -0.6391591998241808 -0.10542744837435937 88.16782431470041 0.6461692312950289 0.761295722124442 0.05379657829938831 22.229585431565745 0.0458768878229833 -0.10910696198282992 0.9929707835661328 3.5313003794911344
0.7562417415721558 -0.6455960324531037 -0.10632151610165737 88.89700330661795 0.6525644573728222 0.756021506830699 0.050902200514910505 22.85688266291412 0.04751909443643061 -0.10787601085043433 0.9930280443936735 3.585356409582817
0.7501189539958135 -0.6534070005941391 -0.10188680008827791 89.72423632037481 0.6599702693212868 0.7494451219553379 0.05264196637136541 23.581866939874125 0.04196193629520057 -0.10672999527179168 0.9934021839200003 3.635064546138279
0.7468959698298497 -0.6565600493164554 -0.10523965742500932 90.41745673398175 0.663353636284318 0.7466507582679368 0.049744569958890046 24.19550778124533 0.0459169730365608 -0.10696512788520764 0.9932019371754397 3.6720588742953977
0.7434527152987271 -0.660331041555989 -0.10602381465484041 91.20248582312217 0.6669923138239287 0.7436904734632983 0.04522893779256882 24.9025819535454 0.04898282964118442 -0.10434264570177562 0.9933344299346931 3.7382188626218724
0.7409719714025065 -0.6638300629944285 -0.10144091217121247 91.91659967715535 0.6700539713543716 0.7408828571904444 0.04604553428580732 25.53735530436925 0.04458942324939043 -0.1020893360093041 0.9937754000843709 3.7960367446433385
0.7352124136512799 -0.6694120127482022 -0.10653796320040827 92.6187393915751 0.6761831493993257 0.7352751202608038 0.04633324754403344 26.190829048046762 0.0473186815370723 -0.10610395388198524 0.9932285176904598 3.845058907114301
0.73161475218872 -0.6729906018237702 -0.10873627655087621 93.42271913737194 0.6799658395296043 0.7318209989274287 0.04565530019359664 26.94742126453047 0.04884990289887373 -0.10733904434531945 0.9930216571410664 3.908872850981559
0.7242023624062377 -0.6805587296219103 -0.11122422138215739 94.26790764348343 0.6878959805115018 0.7242573360123062 0.047437907443134225 27.75181519316715 0.0482706765835806 -0.1108653390980208 0.9926624871396267 3.9781021330250805
0.71621147650476 -0.688782448781573 -0.11233847415183491 95.05438839632002 0.6958010664256888 0.7171878525096285 0.03876059864873409 28.526473807195607 0.05387016930399638 -0.10592601534978756 0.9929137319710412 4.0388832703918975
0.7107986530519959 -0.6944982496783129 -0.11152367288903069 95.81881129091855 0.7014703763667707 0.7116092554003811 0.03938911705640135 29.28028190873692 0.05200560530243355 -0.10622828379252908 0.9929808476224536 4.101774010703556
0.700574977565755 -0.7038798354533263 -0.11725165948664057 96.61528479409712 0.7115051436333396 0.7015621313750922 0.03963496231668964 30.087557126825615 0.0543610737136619 -0.1111924213082883 0.9923109966707427 4.176221511398025
0.6888617216712046 -0.7157972514000943 -0.11447225386828408 97.24147021660939 0.7229922883480987 0.6898623431685171 0.037040819393333 30.728206080325666 0.05245638090645829 -0.10827855905427596 0.9927356530097582 4.2379639836681005
0.6779169712749249 -0.7262216508947305 -0.11415238688085139 97.88585460679656 0.7335533293913158 0.6784417729089092 0.04020195947013386 31.411828905702663 0.048250214706412164 -0.11099045371897105 0.992649500563732 4.300505034964045
0.6705036618636567 -0.7333059978929536 -0.11263758912138142 98.57193270015841 0.7405819328399555 0.6706152446392084 0.0425854228890192 32.15774228906021 0.04430833870858325 -0.11197104511538578 0.992723149313059 4.353513739130458
0.6582692791343392 -0.7437001562599068 -0.11658347793910709 99.24090462214731 0.751572511645584 0.6580592550458205 0.045789741442758804 32.92180842730293 0.0426649991341233 -0.11776291708640177 0.9921247845979714 4.404461869007697
0.6473940159457413 -0.7532958033367204 -0.11587275087077663 99.83444992590437 0.7611891861423343 0.646710314189278 0.04854602203355773 33.61447631449668 0.038366588820029274 -0.11962948876181387 0.9920770057239944 4.45212623180967
0.6333186163314556 -0.7647753296069044 -0.11843267722251456 100.4396966260553 0.7730712972085004 0.632237887500333 0.051341473251061066 34.35466603514843 0.03561293390181869 -0.12407241388230753 0.9916338790388853 4.502673135071839
0.6228078871160369 -0.7729349613185923 -0.1211691170179723 101.03672239851964 0.7816221945426755 0.6214927968179635 0.05304123241200378 35.10706531674141 0.034308310876516916 -0.12774296871440644 0.991213735152119 4.53566660162214
0.6079804699069993 -0.7853363799028534 -0.11664729835781114 101.52894202502819 0.793243073010908 0.6070530563405361 0.0474545861000996 35.75292499152873 0.03354328650417531 -0.12138112265117428 0.9920390445944273 4.570497394143396
0.5975673818084497 -0.7933180433200576 -0.11644646814249184 102.13064852630076 0.8011940426958936 0.5965028316175742 0.04766971423171277 36.56480092335248 0.031643403943233644 -0.12178208258586017 0.9920523244029624 4.612538224310316
0.5841412454079756 -0.8030783060186054 -0.11766186050261557 102.74134761627852 0.8110217928983777 0.583233512897825 0.0456316196389129 37.41969099699125 0.031978576821013946 -0.12208164388518514 0.992004756972555 4.651788095999775
0.57258999248716 -0.811288339931635 -0.11811859970367387 103.3200650271841 0.8192921313335696 0.571511264891935 0.046208240289201515 38.22898787592033 0.03001790415953595 -0.12323201496485671 0.9919237828195041 4.694643183991438
0.5661367872155059 -0.8162359224723106 -0.11510052401493284 103.97975942114552 0.8239402119467819 0.5645274741127725 0.049307017178616554 39.19017371320821 0.0247312498387097 -0.12275046615242681 0.9921293682510169 4.7352899327198035
0.561217978406329 -0.8191312876943516 -0.11856807257916203 104.67957673890633 0.8273850904205104 0.5589849282498808 0.05449482519860827 40.23033812571304 0.021639349609062462 -0.1286849307867193 0.991449404731426 4.782485635574014
0.558447194061776 -0.8207349544014152 -0.12054434731527872 105.26835640257194 0.8291322922168591 0.5568036199894337 0.050092859810421615 41.113015587648455 0.026006568340461386 -0.12792142771229234 0.9914432720738925 4.816405996366625
0.5539885428971687 -0.8235740102941868 -0.12174817250395643 105.81180630227652 0.8320333977201582 0.5527306823616236 0.04700150729934531 41.94090901217769 0.028584731003962673 -0.12733684188558655 0.991447546195673 4.842687107551789
0.5517846659369701 -0.8259318261752462 -0.11563033576479646 106.41389055068737 0.8335816561566818 0.5505101208449062 0.045608696544821845 42.84408593737352 0.025985996487995922 -0.12155350589202876 0.992244661460704 4.87634492818825
0.5474346853779541 -0.8289629381589384 -0.11461145669378299 107.00999227467062 0.8363073431885873 0.5468496720852624 0.03931141950114235 43.74015299393881 0.030087528092518405 -0.11737083713642282 0.992632269397163 4.913485798303433
0.5451436357747877 -0.8306434592531717 -0.11335754750170132 107.61542694738701 0.8377431513209066 0.5448634627590648 0.03619590030963569 44.68605518337618 0.03169849841122767 -0.11469647349284638 0.9928947170632759 4.970946939158246
0.5395851308613592 -0.8341912224809588 -0.11389892225339088 108.22480263179003 0.8413648347483232 0.5392256906093091 0.03661684407410972 45.62946874431806 0.03087177548560137 -0.11558845223082878 0.9928173236777411 5.008246496348482
0.5398630889582224 -0.834054917439942 -0.11357954690950439 108.79536156193457 0.8411065879707852 0.5398015083142209 0.03397003279278751 46.510458352414126 0.0329775382317766 -0.11387167173130017 0.9929479942850357 5.052171007178009
0.546862916364436 -0.828868737839963 -0.11797304666067125 109.3157693297799 0.8365087744930972 0.5467608723988144 0.03613229087466148 47.309637203393535 0.03455411996895085 -0.118444898370205 0.9923592161352801 5.094850564324797
0.5469700629729308 -0.8293906012871379 -0.11373238021503927 109.89727879351398 0.8367470951160302 0.5458622923743357 0.04345780036803248 48.19995482989376 0.02603872700373904 -0.11893535429161782 0.9925605075767101 5.132786619308353
0.5450661698529121 -0.8300003631429776 -0.11833148890228622 110.55079412702561 0.8381025788419074 0.5431375591260518 0.050848628685997065 49.2064080125258 0.02206589618084425 -0.12688979300103662 0.9916713526482827 5.173814484535632
0.5444712497187971 -0.8299570329723431 -0.12133612508575617 111.05245374716101 0.8384014006745947 0.5428443580541519 0.049020588631315906 50.01208494377024 0.02518164903762542 -0.12841867809031235 0.991400283777782 5.208507225068691
0.5378718624699534 -0.8342469162465255 -0.12135079685645403 111.61281051813052 0.8427061366295225 0.5360363812346584 0.0501127639818791 50.89526524717911 0.023242023595479208 -0.12921730660673317 0.9913438813135798 5.249203065151779
0.5332644350780293 -0.8375182907149172 -0.11913114034669482 112.14250171907618 0.8457476165737535 0.530894146690586 0.05350044769529382 51.74319450381519 0.01843842200404745 -0.12928476374161008 0.9914360642339277 5.2869355860090135
0.5344893354682038 -0.8366481053476936 -0.11975463118519958 112.68105915078478 0.845027283162727 0.5316548993048852 0.057200372287597834 52.60487963188426 0.01581155369914939 -0.131768919322685 0.9911543480586336 5.325976197703316
0.5311011043111006 -0.83905631176291 -0.11796692880541876 113.24976703161927 0.8472620195590678 0.5273569415981862 0.06357397419545405 53.48950026410946 0.008868534895681752 -0.13371310595488609 0.9909803980856966 5.33973300201855
0.5277009024046049 -0.8410915636909143 -0.11872999911887919 113.81531279376634 0.8494147636732449 0.5233545497149643 0.06778272922123757 54.40521517152954 0.005126403943320702 -0.13662002123181752 0.9906102587731522 5.358381910350631
0.52215481561749 -0.8438442552852793 -0.12361753496542578 114.3639057483437 0.8528504572864126 0.5167490356760803 0.07494301480661945 55.28836459702327 0.0006390099026939732 -0.14455912700745477 0.9894959552573072 5.374401171606835
0.5265136161545207 -0.8415706563153642 -0.12059152554905285 114.85715399165383 0.8501606836610077 0.5206537847227897 0.07839880257370016 56.09556975849283 -0.003191697114665384 -0.14380021055411463 0.9896015902975827 5.385964754842853
0.5247058007152839 -0.8428501547525798 -0.11953038496849104 115.35039455176855 0.8512534595207897 0.5183074369002761 0.08200531898517649 56.915316173457256 -0.007164707888379893 -0.14477931998764337 0.9894380276046468 5.399187418475247
0.5280782568735133 -0.8409285422706544 -0.11820581632650132 115.86912776140868 0.8491573999238597 0.5215917956213291 0.08290737439561569 57.77621977665195 -0.008063993058674824 -0.1441569251039092 0.9895219795264377 5.406438088126436
0.5289286341730538 -0.8404084427625559 -0.11810259474996503 116.35910284863738 0.8485571668312237 0.5214830025121475 0.08947701685007867 58.55267104416844 -0.013608744228050727 -0.1475437592081284 0.9889618982572856 5.395899683518312
0.5270576920941349 -0.8409193209501136 -0.12273939244853294 116.88641181954185 0.8497508601629049 0.519518773638358 0.08957479178768359 59.39861531442923 -0.01155975399329712 -0.15150898703383198 0.9883882809609699 5.391912990273207
0.5299603604452431 -0.8386872874100271 -0.125481966413464 117.36679426198832 0.8479885376449503 0.5227833056347052 0.08725238797039586 60.17520199554475 -0.0075775909439354085 -0.15264757587057423 0.9882516343025739 5.394628151042198
0.5290670215626871 -0.8391528832613496 -0.12613722214470188 117.87510525525788 0.8485573898633185 0.5220898530721428 0.0858630611006137 60.987097860844436 -0.006197271069482171 -0.15246198567936842 0.9882899026901873 5.394707764171064
0.5296036992632027 -0.8395108126049117 -0.1214149531466499 118.38338640736185 0.8481432165496468 0.521868006144334 0.09114160530659811 61.79044801398056 -0.013151783167683307 -0.1512461999206977 0.9884086263355066 5.395004958188403
0.5317873308156132 -0.8377273659154219 -0.12415783818126704 118.83799363496924 0.846822512979557 0.5243299744233801 0.08927280250038624 62.51114997862429 -0.009686593122376356 -0.15261379758243762 0.9882384295839406 5.399186430620515
0.5381395248424341 -0.833606549591199 -0.12452327446082732 119.32813997019277 0.842800852416865 0.5305132306477185 0.09078743914900218 63.27576607680517 -0.009619758825094445 -0.15380463091353985 0.988054447262438 5.402289463753434
0.5430546175819408 -0.8299132432038447 -0.12781144189484447 119.83172913096492 0.8395971696143442 0.5343116553599903 0.09791614553359645 64.06866959506885 -0.01297076236065027 -0.1604839395037668 0.9869532205178317 5.399755976323033
0.5461414482175869 -0.8274191238141126 -0.13079444058106637 120.33241847606956 0.8375963796857436 0.5370102653783151 0.1002606774850172 64.8315617840851 -0.012719644223628916 -0.16430946118521692 0.9863268254596105 5.392961439907092
0.5498772307046271 -0.824808180680981 -0.13163042898878513 120.8895320243097 0.8351883326150524 0.5411253414281925 0.0982025343971229 65.682466442748 -0.009769692462033241 -0.16393553583990358 0.9864226721864546 5.395075389199995
0.556245756679629 -0.8203963877113656 -0.13244054819986478 121.50573907298389 0.8309687488603482 0.5473717262540216 0.09937331407006338 66.59579056242401 -0.00903129596230848 -0.16532994057861602 0.986196958749568 5.409215099498924
0.559367981399821 -0.8176074830866941 -0.13647541385451756 122.01933581252254 0.8289080002040157 0.5508620109854773 0.09727536114002842 67.36051248100144 -0.004353941826771519 -0.16753828443538257 0.9858559536993236 5.413275892390435
0.568873210115239 -0.8109035694477437 -0.13718143267775929 122.50689305904152 0.8224248626808733 0.5610585756845509 0.09397097280159032 68.07864756559692 0.0007654223867168473 -0.16627898954330947 0.9860784485883518 5.423377222405021
0.5738038140938291 -0.8072715125822499 -0.13806506258272452 123.06966085357732 0.818973505195793 0.5667344656123984 0.08996870071559863 68.88345054244373 0.005617060771497447 -0.1646960115227762 0.9863283770743715 5.4358652868637725
0.5843017069818681 -0.7986518484731334 -0.14403754284891607 123.66585537408753 0.8114694302900777 0.5772590193079659 0.09104565978897562 69.70948617397686 0.010433186655449896 -0.17008019690643875 0.9853749896571683 5.467779224423506
0.5952695251317212 -0.7907613674999016 -0.14265596980348164 124.28506976461021 0.8034459636969706 0.5882617042370052 0.09177513051653982 70.58473774007916 0.011346816616090903 -0.16924730113506992 0.9855082931241932 5.483078945747504
0.598475990868225 -0.7876621559634299 -0.14633827256999038 124.88788728525493 0.8010482001520188 0.5911151159617251 0.09436431819747775 71.37805588602866 0.012175563050409404 -0.17369878832205368 0.9847235559309226 5.5111893007468575
0.6049417822050049 -0.782893450140259 -0.1453387748384621 125.50356079935301 0.7962046116906821 0.5970644002320371 0.09783783589263931 72.18758945066034 0.010180007942275356 -0.17490559722185167 0.9845325766596795 5.53698359652943
0.6142686051890414 -0.7749348356457895 -0.14882928066470624 126.18499145673705 0.7889790060579237 0.6064152443360867 0.0988564781426176 73.08196559518667 0.013645016359633036 -0.17814760849074648 0.983909161519984 5.575825613149251
