1.0000000000000002 0.0 0.0 0.0 2.168404344971009e-19 1.0000000000000002 9.791700870259712e-19 8.673617379884035e-19 -8.673617379884035e-19 1.6601845766184287e-19 1.0000000000000002 0.0
0.9999307750428449 0.011708173639772645 0.001198913535320048 0.2882497684910874 -0.011704511015851498 0.9999269038115511 -0.003019153826545389 -0.018301197059693932 -0.0012341745551029803 0.003004912561234472 0.9999947211455923 0.0068382622662282455
0.9992265261752629 0.03871923473727887 0.006873416217945159 1.0487071214723702 -0.038664562219932926 0.9992208490797694 -0.007916452914583903 -0.04407697749112002 -0.007174579671187524 0.007644572546045484 0.9999450389508985 0.012908959131711285
0.9976719177557419 0.06798888254684367 0.005322590820330413 1.7742658894116436 -0.0679425328568295 0.9976533985112895 -0.008451775078400142 -0.09047114004045545 -0.00588472746151216 0.008070468781273623 0.9999501150166132 0.01981291960067328
0.9952533232512973 0.0971393877849186 0.005902160574648734 2.5783486533576143 -0.09707897472246614 0.9952285860878992 -0.00978048743258618 -0.1693749889759493 -0.006824069394435216 0.009161087356391116 0.999934748651497 0.025547794574027696
0.9923853810253298 0.12302590590229921 0.005996299321970601 3.246726261820525 -0.12295829967547163 0.9923554530236044 -0.010575217696918889 -0.25437611252890885 -0.007251485987901877 0.009757397109198838 0.9999260993483492 0.028345923871701987
0.9892440544070226 0.14612174652526275 0.006686524821754903 3.870575194779739 -0.14604484246937507 0.9892187135344311 -0.010824260505176386 -0.3490146038279094 -0.008196095261831817 0.00973130331998582 0.9999190571058927 0.028576703008712984
0.9863909302928798 0.16428278944194938 0.006646151559240214 4.589869165228979 -0.16416019623199912 0.9863033811985392 -0.016031033762798335 -0.46723770659697617 -0.009188744635825386 0.014721833193779585 0.9998494034627496 0.025781819146331913
0.9837692772895382 0.17908374811112762 0.011273589717521256 5.261659125919287 -0.17888299367494123 0.9837262656941039 -0.01683545638014165 -0.5968378746199421 -0.014105082881049504 0.014545551709832662 0.9997947132125472 0.02402578257510302
0.9805246482659874 0.1962694982037581 0.007054914537794741 5.911273354469652 -0.19614067214789815 0.9804485978425277 -0.015789475991800667 -0.7241240249886872 -0.010015973546709168 0.014098215147078779 0.9998504466213747 0.020747916675597694
0.9781319880067717 0.2079363890318814 0.004510626977653033 6.632158485611604 -0.2078501258284036 0.9780480844011386 -0.014838922686088359 -0.8804329276285504 -0.007497162034274696 0.013576890996305045 0.9998797205652741 0.020902418476657976
0.975387257655916 0.2204941167072467 0.0014545450805808894 7.426753799396541 -0.22044862037451504 0.9752844163394786 -0.014921020556221487 -1.0481579285485612 -0.004708592365937199 0.014233121299399111 0.9998876148954903 0.025786530909604137
0.9748331122627795 0.22287626300602192 0.005162191972671323 8.31964403611926 -0.22282053223110215 0.9748120303377436 -0.009614559748520029 -1.2536149838046502 -0.0071750239512425994 0.008222349281177956 0.9999404517314926 0.035458324917483984
0.9742322783636085 0.22540085872021387 0.008123686605941953 9.207024738223879 -0.22528580375851986 0.9742052881335848 -0.013049407325238462 -1.465670419685944 -0.01085548603039261 0.010883003001400602 0.9998818498573216 0.036648185073612345
0.9738247143321405 0.22672566529414 0.016154629500043642 10.111918827409143 -0.2265490904205888 0.9739251229359458 -0.01205356287202453 -1.6863665678664537 -0.01846625153733665 0.00807824124280996 0.9997968466533421 0.03372443128135428
0.9730089576744426 0.23014008510157177 0.017005384916701956 10.897877657929472 -0.23001013570512427 0.9731440959630283 -0.009264437344693142 -1.8762679464648484 -0.018680808285735314 0.005102970077087104 0.999812473468684 0.02391109843500107
0.9735409636857366 0.22749604486976954 0.02153172533468675 11.726945230795712 -0.22735619530390977 0.9737721698754359 -0.008766154636938731 -2.063461528388204 -0.022961260358061973 0.003638839929657095 0.9997297306633025 0.020622233061440474
0.9735028816928055 0.2278005020627867 0.019978593473396065 12.439830546032427 -0.22775583648676034 0.9737077780548081 -0.004512841221228259 -2.2319471499512162 -0.02048133930787966 -0.00015697688323541587 0.9997902205481896 0.004626788975239531
0.9735460438664599 0.22752185736676847 0.02102328456188904 13.118077286925192 -0.22757646835199455 0.9737601501841718 0.00021165971786819837 -2.3843524670427962 -0.02042347947251099 -0.004990464877230205 0.9997789614469434 0.0020962249240356837
0.9739837137582869 0.22607067248297194 0.015743251828695227 13.776483674190738 -0.2261381585116046 0.9740916626805025 0.002624841979616807 -2.5304539733154527 -0.014741970516842458 -0.0061167028580304365 0.9998726195155115 -0.005675200310722262
0.9751420747779542 0.22132495037466396 0.010643023105692987 14.574976645536886 -0.22135924538656573 0.9751899300276765 0.0021467856457604404 -2.7129622109264573 -0.009903831693393046 -0.004449352115329684 0.9999410544571747 -0.010758368438739844
0.9759958947583357 0.21767538164441336 0.00703670677687611 15.29723797551434 -0.2177066352938245 0.9760059159535779 0.004024525656803588 -2.865637948163098 -0.005991827250021553 -0.0054598578175182625 0.9999671409422423 -0.0041884402890408744
0.9777442107989701 0.20972300876646935 0.005708891702198581 16.098619484469644 -0.20975978194188308 0.9777288282772505 0.006862657604130323 -3.039884476330292 -0.004142490757698798 -0.007907419161174423 0.9999601529550644 0.0015029528508212356
0.9795476610819256 0.20119433168755374 0.0027007715854186205 16.983099379434233 -0.2012106089602792 0.9795077531602534 0.008875594340038095 -3.215659587417253 -0.0008597073997270929 -0.009237491109996082 0.9999569614071214 0.015521239190719578
0.9821436687900018 0.18813000238128388 0.0009948171501645104 17.94874892389794 -0.18813050898023995 0.982093780490063 0.009931855198040716 -3.4138291694139458 0.0008914762461666964 -0.009941663696687277 0.9999501805582256 0.019130631060871935
0.9831459307898813 0.18270819060425872 -0.0064706613916018715 18.86126501817593 -0.18256466357201778 0.9830228721976557 0.018333035351805277 -3.5775252498664107 0.009710403895440759 -0.01684273451478706 0.999810994816338 0.030874859760029856
0.985951845233628 0.16678249519364907 -0.009090202352723679 19.685175285720252 -0.16650721978477226 0.9857116783795236 0.025451064808202056 -3.7188305724442428 0.013205110746877156 -0.023579939512090656 0.9996347365453806 0.05164696580087893
0.9867580566979157 0.16170549220680744 -0.012646933752346212 20.554485092197933 -0.16136833501774245 0.986596468592542 0.024240306277563503 -3.865093818808277 0.016397210869817394 -0.021878502398149147 0.9996261589283708 0.07752851184346124
0.9882016220270154 0.15240735118837417 -0.015153452687373357 21.33254462097781 -0.15205863206060982 0.988126809275302 0.02198874806281802 -3.985565623739944 0.018324779736935057 -0.019425102743496098 0.9996433678249363 0.10649424948260047
0.9899729203051363 0.1400130628396589 -0.018709166154777256 22.06862641812738 -0.13961323446651908 0.9899790522957588 0.021202467108602564 -4.082288537261776 0.021490304975818053 -0.018377820610267808 0.9996001288050371 0.13147711933372724
0.9920481193039491 0.12341072277795223 -0.024706195383956155 22.799065089583987 -0.1228548380381006 0.9921607496480691 0.02288360685113312 -4.1730804997861 0.027336599831833043 -0.01966636303681759 0.9994328088870817 0.1605681317769302
0.9940606973840123 0.10489998197151759 -0.02897235406755249 23.51847075442413 -0.10419918381734763 0.9942489856407986 0.024726675436562446 -4.2461631198703245 0.03139956149169028 -0.02156092011015042 0.9992743313362538 0.1908706976227855
0.9962974198628007 0.07889591603931607 -0.034160784658324304 24.212312545123154 -0.07808533164646389 0.9966468350907622 0.02444771808026617 -4.298462865849229 0.035975063073902275 -0.021689741776406472 0.9991172828771833 0.22895581587823952
0.9975695863288738 0.05500249164367584 -0.04277522584459171 24.87833763692376 -0.05391022469844395 0.9981997776164463 0.026283368763231063 -4.3262809134341556 0.044143871744019375 -0.023913466798121112 0.998738934706426 0.26191126923571484
0.9984124321034977 0.027165021576681457 -0.04934319228977899 25.587439191792576 -0.02593345267352739 0.9993401196428273 0.025430397928326187 -4.348804455031014 0.05000144904768142 -0.024110385636182608 0.9984580809443082 0.2992523502351187
0.9987426578755132 -0.002938222264071451 -0.05004541728382094 26.290628315537816 0.004271628926873239 0.9996381117140627 0.02655791085830303 -4.344114735604547 0.04994927345462334 -0.026738293464021762 0.9983937743943374 0.3478727458481828
0.9982963372088317 -0.027210183929251522 -0.05161494558164509 26.96553111103743 0.02871137343888522 0.9991793485466512 0.02856939459011932 -4.324986296640552 0.050795209295580374 -0.030002657486132484 0.9982583244139626 0.3852778774043424
0.9974287613050546 -0.05218761468133666 -0.049116113412665266 27.76507450490077 0.05368644885919495 0.9981157947324957 0.029707732133416886 -4.288468646307711 0.04747319298578131 -0.03226821570766058 0.9983511672794111 0.43841837141177603
0.9962459934402771 -0.07417584515996407 -0.04463113431708423 28.501026402511627 0.07561703329982725 0.996638674510145 0.031517306034897816 -4.232876984040203 0.04214329184157653 -0.03477386336526142 0.9985062425367174 0.47892808086284
0.9941521846176274 -0.09848875627014227 -0.044288512164989795 29.258807812602356 0.09992411037407199 0.9944978260031808 0.031451074305984136 -4.164241479071476 0.04094725199120886 -0.03569264394469654 0.9985235864655324 0.5065188446689272
0.9922605173503574 -0.11635363265609551 -0.04337016805086938 30.005196373066006 0.11790211960736668 0.9924069606826225 0.035034817180525785 -4.076414968952365 0.038964428539210866 -0.039877100096759883 0.9984445829398193 0.5434913664446825
0.9905809398468344 -0.13139213634225438 -0.03854324481682734 30.703531406618627 0.1328250334179716 0.9904366696899711 0.03731806084266417 -3.97503653692584 0.03327134343829495 -0.04208606709868309 0.9985598508188482 0.5796405599415192
0.987758044472323 -0.15285124895199012 -0.031154692671542084 31.449183911008895 0.15405038461439596 0.9872275971241367 0.040621106715142394 -3.858614909217126 0.02454778565065166 -0.0449232168575383 0.9986887932745638 0.612754107845282
0.9841584961750501 -0.1749914451531045 -0.028462644485729917 32.169911191124186 0.17608737530865745 0.9834735989075061 0.04210511065095407 -3.733826861631266 0.02062422542015946 -0.04645001427960007 0.9987076812083844 0.6338897075011543
0.9798227142836345 -0.19798836265643543 -0.027351973016659342 33.041040115277774 0.1991189703198303 0.978805754593185 0.047862869409799204 -3.564678220564054 0.01729597762970077 -0.05234342285778542 0.9984793489335413 0.6635066142584956
0.9753470910108974 -0.219256375227486 -0.024995351170029368 33.89835142826543 0.22031298778769123 0.9739725593245271 0.053287568240580376 -3.3703177779380726 0.012661147295452197 -0.05748067470206315 0.99826632838654 0.6963321131249993
0.9711981411919789 -0.23772038290279088 -0.016225402898684703 34.62391102681446 0.2382548411903456 0.9697189784331346 0.053662438912747794 -3.195754029951782 0.002977425819064095 -0.05598264125523771 0.9984273002171786 0.7189435886867528
0.967441956503514 -0.2524505807637406 -0.018023281336437227 35.31773254500959 0.2530725130607098 0.9658157446793437 0.05616203608065648 -3.0007040122458943 0.003229030487063266 -0.05889470670897614 0.9982589753611846 0.7267308131840012
0.9632348893718425 -0.26792256611111054 -0.019902765302365583 36.09123337768132 0.2686420292208237 0.9613960322801892 0.059573929584431404 -2.7876407079543712 0.003173239738802185 -0.06273040627030547 0.9980254614407928 0.7302550601497227
0.9599383045654855 -0.279239088622326 -0.023325016929107694 36.837705337450465 0.2801508240631973 0.9581323003232345 0.05914334018401316 -2.565309930066649 0.005833319948942695 -0.06330847995835576 0.9979769555200766 0.7417907771200764
0.9577662538686524 -0.2862353159504052 -0.027444862080341772 37.62581233746654 0.2873779878386959 0.9561117759456277 0.0571321961592871 -2.325069404383742 0.009887103838208816 -0.06260633827633111 0.9979893218821067 0.7565061185068791
0.9553331671350395 -0.29416744038940856 -0.028357192877785153 38.45730900588962 0.2953482893422559 0.9537109571315352 0.05661026465189217 -2.068402081291766 0.010391669143751236 -0.06245691137586604 0.9979935583154728 0.7690233689643321
0.953943255020821 -0.29903670063062193 -0.02386192527149018 39.16611377194401 0.2999223979380749 0.9523684488777624 0.05514360009414625 -1.8519709453589688 0.006235384766990868 -0.059760590765307944 0.9981932612343032 0.7883250234294614
0.9511834740690802 -0.3076534692752532 -0.024482955340516876 40.06399904302183 0.30854360370804307 0.9497662053035739 0.05239201950876607 -1.5690544146243042 0.0071344972684709036 -0.05738848195620658 0.9983264276241881 0.7997300867845551
0.9480148921410996 -0.317365496805137 -0.02338758896845568 40.917767097627284 0.3181893460103304 0.9464582848263885 0.054517694403859514 -1.282109047074075 0.004833342423047364 -0.05912526737540597 0.9982388674882346 0.8155615716382328
0.9466997515187184 -0.32139799186111634 -0.021517083990822236 41.801968895596055 0.3221134400610069 0.9449058572378125 0.05827329168531966 -0.9622068333921094 0.0016027000231623833 -0.06209825225731984 0.9980687518526 0.8282203277447104
0.9458927338622418 -0.3236466165781419 -0.02323525781145659 42.61533357093544 0.3244656591436703 0.9440870757732064 0.058494044385416756 -0.678679891773026 0.003004707302315431 -0.06286813435353449 0.9980173166946144 0.8448074308174601
0.9456367209624151 -0.3243650109228663 -0.02363483145465125 43.61337198317033 0.32520624377596513 0.9438609036666971 0.058029452631549905 -0.33115625568350815 0.00348526959339495 -0.06256097561993504 0.9980350556121405 0.860465825471196
0.9439231387809852 -0.32920979163645897 -0.025101688508182163 44.64980590024918 0.33013788903371527 0.9420934727756533 0.05889640576449007 0.026306743290356427 0.004258863685608284 -0.06388069820172634 0.9979484523174293 0.8701791234730755
0.942769650313296 -0.33236249416344854 -0.026844599513253155 45.59148671728577 0.33343419844156474 0.9403217895476828 0.06794476613822639 0.3694090851125395 0.0026602701744363024 -0.07300717047833248 0.9973278653616031 0.8742820608296523
0.941815688565696 -0.3344620525056945 -0.03344275417233948 46.53462062732359 0.33598926831597503 0.9396276765157131 0.0648919481621702 0.6876650711974529 0.009719843477738035 -0.07235266089131022 0.9973317462660559 0.887761808147186
0.9376983213515265 -0.34508741815018745 -0.04045498202195063 47.499466804506966 0.3470706990999234 0.9357454282161529 0.06262864546645291 1.0236374248130726 0.01624320715762674 -0.07276751416310809 0.997216647529082 0.8973073817770488
0.9334921268740464 -0.35613156168165244 -0.04198611008162301 48.475550018431875 0.35822238275422025 0.9314578540901541 0.06374099451497064 1.3988596638417414 0.016408112330862642 -0.07454208048421618 0.9970828687186474 0.9285336286512482
0.9312351596773855 -0.3619387081240281 -0.042444346426507 49.48567912789544 0.364014343719037 0.929356949336487 0.061556007999872896 1.7994652483957356 0.017166446552484737 -0.07277346940102954 0.997200747226697 0.9486969629292538
0.9318667208825919 -0.36066096235497624 -0.03934664339098559 50.40746187035271 0.36261969964220375 0.9293344873137008 0.06960091921003873 2.1514100156055154 0.0114638584203068 -0.07912664790830859 0.9967986499520847 0.9721404944987723
0.9300659751097426 -0.3653936874842661 -0.03827281922256773 51.40060297390567 0.36725887245307964 0.9274793905095133 0.07002017294107225 2.5507957470437823 0.00991232212019242 -0.07917941240367299 0.9968110962097981 0.9981683739613196
0.9298695270050921 -0.36563081020043914 -0.04070438527881323 52.291509299043746 0.3676423153967537 0.9275948062331612 0.06638469110481375 2.8892764521443888 0.013484888241571779 -0.07669375531831754 0.996963500179255 1.0199023183420324
0.9281443249965923 -0.36949481829332786 -0.04496403932510918 53.14594085414929 0.3718919038284328 0.925609224546524 0.07031286607264423 3.2362426373089836 0.01563889015760191 -0.08198224935252213 0.9965110791712877 1.0376299521270476
0.9266534906588697 -0.37309278484579905 -0.045990822423258124 54.073574766628376 0.3755687336054027 0.9241037211848977 0.07057168457931348 3.6066315105363227 0.016170504070099023 -0.08266821233686254 0.9964459225028377 1.0596636646804223
0.926169822453322 -0.3744176714602148 -0.044954876003856455 54.90747784410244 0.3768486467051757 0.9233457898707681 0.07360416862181375 3.964129387304955 0.013950194329739839 -0.08511114351145943 0.9962737978757241 1.0852703818593987
0.9227944578936822 -0.3827040915835955 -0.04458744629724702 55.86172163192072 0.38510481942257585 0.9197608579766106 0.07572427633023615 4.34772062990381 0.012029797745612542 -0.08704878252292336 0.996131411226883 1.1178212945076242
0.9196566641975787 -0.3899064574361316 -0.04695367981338447 56.75422749099553 0.39252440433096963 0.916402898793858 0.07829586784074244 4.728520806060212 0.012500424098670249 -0.0904357813795679 0.9958238317338091 1.1389922800984622
0.9182075219205746 -0.39308959556997425 -0.04874002610320816 57.68541449661569 0.39584074187878493 0.9150827161292565 0.07703021189415972 5.1362124022102185 0.01432138089995418 -0.09002300761051191 0.9958367090819967 1.1647298209944903
0.913173691845789 -0.40436782422800144 -0.05099553756236044 58.58524986529774 0.40726325226628124 0.9101728952545888 0.07564302962913429 5.521394925781893 0.015827149030917392 -0.0898438326535854 0.995830097001016 1.1879233368491617
0.9116798357007634 -0.40749866219937275 -0.05277111978895911 59.53605219658786 0.41064441301965876 0.9081057009558622 0.08194587104488762 5.951923451692801 0.014528922177350745 -0.09637856330006982 0.9952387040112357 1.2151777633211027
0.9089002707164514 -0.4133987749383356 -0.05478890738529856 60.5364460944425 0.4167935644778668 0.9048135184451308 0.08715242557083708 6.421767457945416 0.013545038377413183 -0.10204852673255747 0.9946871996424071 1.2396625167154434
0.9052080351305971 -0.42086393755444906 -0.058923957798153535 61.52864140079788 0.4246129781815385 0.9013863901373484 0.08489003633564447 6.883879621845243 0.017386098937436565 -0.10186301973778054 0.994646491864835 1.2572512680048775
0.902522711068243 -0.4260583225191812 -0.06266686061707773 62.37259843273808 0.43015285708954637 0.8988367961222219 0.0840289075767521 7.2970455378406145 0.020526065089590106 -0.10279432615147648 0.994490825582814 1.2795941964746012
0.8994321410605578 -0.4313722424979344 -0.07028431995085815 63.23769513914242 0.43626890093505655 0.8957924399077456 0.08500161477965393 7.7135005475336405 0.026292825542622637 -0.10711604692746833 0.9938988051210257 1.2980466624265774
0.8959528726461167 -0.4377527963518993 -0.07510667669851077 64.11601128576626 0.4431025866606049 0.8925709196941098 0.08352948488524907 8.144311041834325 0.030472770177092524 -0.10811844418983116 0.9936708747412744 1.3397429582017886
0.8945578381649365 -0.4394899711320162 -0.08133211575684894 65.14536960552392 0.4453977680043267 0.891726475199569 0.08027854955727264 8.656262261181311 0.037244383737012984 -0.10803894810447119 0.9934487589090412 1.3984619259874758
0.8933431881474551 -0.4414117541383003 -0.08422401736155698 66.10063870650181 0.4475777218715924 0.8907488128067855 0.07899784301891094 9.140339667391837 0.04015186727184829 -0.1082689782935613 0.9933104504127784 1.4574599838475615
0.8921609331939259 -0.4444906781378094 -0.08047968645915686 67.01081057719186 0.45027787086417403 0.8893027264789886 0.07994012460064447 9.600895023319513 0.036038164663507274 -0.10755767756858868 0.9935454653356947 1.50209264889135
0.8884511509537679 -0.45169629044386544 -0.08139463845737557 67.9116208970756 0.4577840270307753 0.8848540761555638 0.08641164470413298 10.061106652120294 0.032990558522073124 -0.1140336900984846 0.9929289680416767 1.5420514799676432
0.8852628604086341 -0.4570251051175909 -0.08624265113508955 68.85760956489685 0.46362906411977717 0.8818666746895804 0.08578567951275344 10.556382127099761 0.03684831104333383 -0.11592747519374963 0.9925739355200905 1.582174652518665
0.880736426874964 -0.4657098758305519 -0.08612625343554481 69.80232956180915 0.47230149268367994 0.8771560694333455 0.08676666237164508 11.053826740112905 0.035138074651810555 -0.11709611778086318 0.9924987707376762 1.6308942590678173
0.8761331351723537 -0.4725639919086571 -0.09525794773060964 70.68966486009164 0.48027429786951686 0.8726960927470534 0.08796620000927821 11.54825737938258 0.04156158042586697 -0.12282004609690976 0.99155830202497 1.6760571456378874
0.8718639868821124 -0.47979897551471573 -0.09821509596028194 71.60961388945961 0.48767415376284995 0.868971304718224 0.08403996169739045 12.06621603713371 0.04502381282108231 -0.12116837940737689 0.9916103443975494 1.7337855725371119
0.8654497942956764 -0.49121248992289573 -0.09852419448415209 72.53083138608426 0.4987733437540234 0.8632880465043297 0.07719342042734337 12.596451032152963 0.04713638740346278 -0.11594827129889741 0.9921361571733651 1.790394495328495
0.8605451316168653 -0.4991597867316302 -0.1014970805588801 73.44697226947429 0.5070400358980215 0.8584780896531876 0.07697853867182612 13.121612382202995 0.04870842914589599 -0.11770658960962736 0.9918531356496254 1.8527025880682808
0.8590885490571886 -0.5018177948956097 -0.10072655660923169 74.37198504939958 0.5095458184540126 0.8570938551345921 0.07584923348760067 13.665938035389267 0.048269617895482814 -0.11648600322037275 0.9920186742432583 1.9219945951054884
0.860039401348622 -0.501151697593506 -0.09580854726213882 75.27687066905699 0.5086532702697854 0.8568741295162174 0.08389577250243749 14.206210010791775 0.040051357004774114 -0.12088700038692991 0.991857962081724 1.9933913818748923
0.8519363362874491 -0.5132551738081481 -0.1037963345870958 76.23315935409425 0.521567364482408 0.8493597900047345 0.0809651484534651 14.784511898596131 0.04660465188273545 -0.1231139321595812 0.9912976148142792 2.0481675275074362
0.8460150467286109 -0.5228957013838614 -0.10410907637903861 77.11754793186836 0.5311293828411316 0.8435926518486687 0.07907553517892067 15.335637150906019 0.04647739467445496 -0.1221944816253123 0.9914173467566424 2.1181198566515325
0.840323594074788 -0.5314301630762732 -0.10695004729025363 77.91277385180543 0.5404101378311214 0.8367586103460213 0.08827137007686478 15.852998590836599 0.04258130464020545 -0.1319734042966901 0.9903382493162953 2.1727867947973887
0.8372465823883483 -0.535160377877241 -0.11234591149993117 78.70803080638845 0.5448559601955842 0.8338564609963849 0.08840423591681214 16.375556564016726 0.046369920156584574 -0.13522848341474178 0.9897287925403632 2.214468845338103
0.830824193422695 -0.5457526077918141 -0.10901983449535052 79.58120406693733 0.5548805474886946 0.8273988843884144 0.08670979163598953 16.94851275380194 0.042880794824056274 -0.1325335776975264 0.9902505153865538 2.277398875480829
0.8250795207818079 -0.5530903731844489 -0.1154768248549474 80.43357157642964 0.5630901950810333 0.8217726643053788 0.08728713672784828 17.52527276907204 0.04661802329069466 -0.13704269632242097 0.989467561011746 2.3445545892848685
0.8177977743015935 -0.5638197887641401 -0.11538682657370947 81.27602051941206 0.5738640855134322 0.814039435271427 0.08955296206665339 18.11422536992807 0.043437695284961324 -0.13945256831969677 0.9892755646546394 2.402414810691401
0.8115801252073908 -0.5716479220197522 -0.12065001956189672 82.10151844327142 0.5823844419641869 0.8080134833535264 0.08912068396879633 18.69996738111479 0.04654118907105079 -0.1425932697167216 0.9886865388770758 2.4651650923827955
0.8064061956066633 -0.578802392290706 -0.12123082102821293 82.9751810792686 0.5896548407342299 0.8025666253246746 0.09052018861975568 19.33346437894825 0.04490250949664719 -0.14448038094412738 0.9884883303147932 2.5266686722664407
0.8004151836144588 -0.5861612843816353 -0.12550121964719987 83.77353329660693 0.5974554762668389 0.7971251375445222 0.08739789933112788 19.916075469093567 0.04881091234939429 -0.14493599614796177 0.9882363314823039 2.5776421151315203
0.7920898518211583 -0.5962678397527469 -0.13060782334898086 84.57835799574745 0.6081215258368917 0.7893399785539368 0.08444247689630899 20.527908897943277 0.05274364349804664 -0.14631145738733278 0.9878314939872741 2.641683430212761
0.7866739751233462 -0.6023273819154458 -0.13544687320107487 85.39515501269355 0.6151570998113152 0.7833118801339881 0.08946599816014245 21.1617023804471 0.05220932476530043 -0.15370167765620435 0.9867370347253639 2.702089696311063
0.7797843627397116 -0.6113793057448699 -0.13472848895082745 86.22060745677081 0.6237634886801064 0.7771029489157047 0.08384533863155731 21.829483790781012 0.05343660144767293 -0.14941999580340604 0.9873288152815236 2.7783082533209993
0.774176444106116 -0.6180010567580559 -0.1368415172327704 87.03435810538979 0.6304819021720318 0.7720464639872102 0.08022937312782724 22.483768005981442 0.056066172432726664 -0.14838779044360115 0.9873386668015156 2.856086219988221
0.7722186332206162 -0.6192337057557705 -0.14222543290245118 87.84955777956127 0.6323226082376557 0.7708791152927588 0.07689884622726213 23.155451263177053 0.06202025866619559 -0.14931507818161396 0.9868426875383843 2.935795889710464
0.7668283579573292 -0.6250612895363568 -0.145851730730367 88.58928763189708 0.6385105982506124 0.7660373242427525 0.07410099609824072 23.758655245306695 0.06541020566153986 -0.14995062056875758 0.9865274002235033 3.0092867168674804
0.762172517410552 -0.6303822842864961 -0.14734755838910732 89.3743517183247 0.6442056939812566 0.7610261767765281 0.07640749922049898 24.429161790071536 0.06396941542039403 -0.15315783170058356 0.9861290927079139 3.089169780163763
0.7572538352123191 -0.6353025524607941 -0.15151689507927535 90.09569320670465 0.6494934621958421 0.7569195730935759 0.0723251427015488 25.04795848180715 0.06873775606778436 -0.15317772402375618 0.9858051028266451 3.155678002626227
0.7500200172298206 -0.6432531578303186 -0.15393317477832066 90.8640873555144 0.6578090800259683 0.749717477287985 0.07218616431444168 25.718757985193026 0.0689724136145329 -0.15539970785522608 0.9854408820239197 3.2353687241338425
0.7464302034752835 -0.6483533321416957 -0.14993325729149273 91.64752964576626 0.6623065154391349 0.745708689581262 0.07258480367108801 26.408834222510382 0.06474593379885148 -0.1534812625292519 0.9860281238962335 3.3262207245649402
0.7480137188944822 -0.6470138258529983 -0.1478129192666951 92.40410808521368 0.660971903491398 0.7463580559422678 0.07788272567867185 27.07996704186282 0.059930163065657585 -0.15595753344807187 0.9859440239288951 3.4090954777445477
0.7439639511094328 -0.6519812547541626 -0.14641774653456277 93.12762907162195 0.6657874007232545 0.7419211556418501 0.07924682759162567 27.72711363222991 0.056962977939946806 -0.15643987342212107 0.9860434981040483 3.4826903073720485
0.7394398022551426 -0.657023650903574 -0.14679500875589865 93.86992375140666 0.6707156837468634 0.7377601412020572 0.07648770792487435 28.39482677515065 0.05804527359074522 -0.1550157698645903 0.9862052789923853 3.553399089894431
0.7333712976280571 -0.6631698483895103 -0.14957394694198525 94.64784753101279 0.6773709294888124 0.7315050269966196 0.07790342223702373 29.12548975033664 0.057750893697609995 -0.158449176895682 0.9856767662999838 3.6376769746108555
0.7230682996050496 -0.6726059776687658 -0.15739601809428383 95.40001815998556 0.6883511404465441 0.7206533234402407 0.08265239678666626 29.834198972855994 0.05783546770769515 -0.16810705612656718 0.9840706638046254 3.699289476742976
0.7145361472536016 -0.681249667732381 -0.15917618566836553 96.14345372605813 0.6976210000119059 0.7109238007629274 0.08895062498534975 30.551125970186252 0.052564555518958646 -0.17460308626109713 0.9832348268733054 3.764386071153039
0.7060293335462813 -0.6905565778012746 -0.15701677180803522 96.84529364550924 0.706205408250071 0.7030909863132747 0.0832881153435431 31.25653198510848 0.05288192138587844 -0.16968994557988476 0.9840776492559 3.8258344724791162
0.6972115804699346 -0.6998141131478117 -0.15542294778824772 97.53363780791878 0.7149921326494968 0.6945126389067695 0.08023944467767702 31.96140520600864 0.05179050613333938 -0.16707005452436646 0.9845838386653838 3.8749376581912913
0.6814297880909793 -0.7149292520150181 -0.15661954576923154 98.22160098682924 0.7299884219026146 0.6793103163370193 0.07519522485059539 32.69478758659101 0.05263400766187131 -0.1655707207837187 0.9847923601764966 3.9357687564640247
0.6699887486664242 -0.7254366999766934 -0.15766021878950454 98.92332173946474 0.7407069305448711 0.6674502716850399 0.0765721992923304 33.44359147178411 0.04968207264555547 -0.1680825283116632 0.9845201624849464 3.9928367161257405
0.6548907350119207 -0.737439422756967 -0.16523103994361268 99.52744844693537 0.7539876677677089 0.652388853440396 0.07675483434311346 34.13423306377294 0.05119284831699451 -0.174848195924972 0.9832636450456003 4.041963639053052
0.6450625420011429 -0.7445251302590322 -0.17197883858552226 100.21032878794837 0.7621441764990771 0.6430938643488217 0.0746087106144131 34.94089042508648 0.05505047624836716 -0.17919995442940198 0.982271253983701 4.100414288746667
0.6361434272679728 -0.7521817908728047 -0.17188416746334748 100.81315087722842 0.7697880941089696 0.6338594630869152 0.07515580521390025 35.659190924030106 0.05241957829141728 -0.18012425678682795 0.9822461172914491 4.166727525050858
0.6225103560701237 -0.7643502362021048 -0.16807631184870975 101.35712419588327 0.7811390942245295 0.6200087879944014 0.0735577468244983 36.33705517570463 0.04798490959893963 -0.17708143677662658 0.9830257413747066 4.227187000246907
0.6121335684171686 -0.7728674669176527 -0.16723769490932627 101.90397691297692 0.7894559144085331 0.6094195270946282 0.07326065134332448 37.03822685975368 0.0452971432800177 -0.17687209090658337 0.9831909414118841 4.276555357411201
0.6017088501067744 -0.7805272371304546 -0.1694808703131791 102.5142930744853 0.7976934632005108 0.5979853043701753 0.07809377925664435 37.84420181840488 0.04039274843155115 -0.18218350011984583 0.9824345236012483 4.326121055057954
0.596290130828552 -0.7843490493955169 -0.17098164284579725 103.12936085340515 0.8015741685881153 0.5933570485795163 0.07352679094982315 38.675702378462354 0.04378249474321864 -0.1808977676233558 0.9825268880943312 4.371835897997429
0.5898608351648907 -0.7891256715790433 -0.17130365785625126 103.75139511500896 0.8064888618503567 0.5863484721657272 0.07596781380515995 39.52918595685995 0.04049548634790573 -0.18296492977371573 0.9822850630360465 4.430849744555227
0.5823127497723333 -0.7959150267167091 -0.16562368580777936 104.41671391878549 0.8122442338657669 0.5781708057354212 0.07731589604453099 40.45431591839819 0.03422189679050478 -0.1795489154459811 0.9831536216419161 4.482654179731788
0.5765397410860026 -0.8002079125420307 -0.1651341795481496 105.09371257753331 0.8165390718363207 0.5715542587336415 0.08117633474245256 41.403732822960905 0.029425198602191577 -0.1816398923425071 0.9829247693503342 4.5338171976031205
0.5728795188120405 -0.8044164049145351 -0.15723669429077086 105.62035131399024 0.8192851631088036 0.5676370197764466 0.08099357457969338 42.165927234091676 0.0241008088603758 -0.1752212504018965 0.9842340470768399 4.583158983753423
0.5656030103859255 -0.8089140597990299 -0.1604722783014565 106.27983969684567 0.8243107837863886 0.5603481733217535 0.08075630144171789 43.13014841937387 0.024595440760335704 -0.17795503634724816 0.9837311951635153 4.613020952593437
0.5644029896168057 -0.8087479475266105 -0.16545723400485335 106.9385635344535 0.8252144522819045 0.5580246448095258 0.08734716574898453 44.0919123224839 0.02168737361765176 -0.18583670185160542 0.9823412711862765 4.642154231319319
0.5580040647479866 -0.8121109502557847 -0.17060873893444292 107.53776869475332 0.8296076796440579 0.5507776372998962 0.09162431969759996 44.979876110542335 0.01955836520324939 -0.1926650624836333 0.9810696402672635 4.663446580405962
0.5565029746461917 -0.8124525509559114 -0.17385443697703554 108.11883769894266 0.8305717898726042 0.5493754816768955 0.09130720581750165 45.83110055741095 0.0213285931732987 -0.19521132216714138 0.9805292580114007 4.693124425934379
0.5519245795282476 -0.8152172019831283 -0.17549998776295145 108.73811495714855 0.8335790262668287 0.5451432158744428 0.08924575613561803 46.77016382883863 0.022917952512536137 -0.1955500349666449 0.9804259004547772 4.73566132578632
0.5490559690588659 -0.8172469489490759 -0.17505725028026034 109.28372908471904 0.8355912580582611 0.5412686033845633 0.0938907465133745 47.591466209406676 0.018021067658660038 -0.19782758243316523 0.9800711625971222 4.765736164417334
0.5561178740706275 -0.8125182058967338 -0.17477742653714742 109.83710522816469 0.8309175241346488 0.548007743312936 0.096247104834953 48.430883169717795 0.017576858564534358 -0.19875036148120034 0.9798925159727868 4.806195397264372
0.5545601481461246 -0.8133591172071555 -0.17581257675597156 110.42465266459433 0.8320714462073895 0.5447772568809217 0.10428217789125602 49.32425285480403 0.010959833557680352 -0.20411936464021055 0.978884652056946 4.83678525736259
0.5514049953643885 -0.8163935124547231 -0.17162236891054697 110.93490235331952 0.8342199161279193 0.5409413182053063 0.10704926729284378 50.087680452813714 0.0054433035657883225 -0.2021982985550291 0.9793294713798445 4.854661571244612
0.5503127031040944 -0.8169654705224376 -0.172404821213754 111.49861302329688 0.8349584190059935 0.5385963311241788 0.11295288603965625 50.93944849377929 0.0005779969143976486 -0.20611026460730192 0.9785285993513213 4.863522473320718
0.5424529415500932 -0.8217466893359862 -0.17457737072835944 112.02598457964807 0.8400859805538708 0.5304714736345281 0.11338203019418659 51.75658265390548 -0.0005629923953158085 -0.20816441708800265 0.9780936833981491 4.8684569453329
0.5439300204310802 -0.8206571419857386 -0.17510585879139923 112.57488925362229 0.8391299860273416 0.5317106765921108 0.11464966978502478 52.61745610063529 -0.000982415248454857 -0.2092979736868599 0.9778514141096477 4.888764906080051
0.5383391658917182 -0.8238787574319614 -0.17724223289274402 113.16582420391542 0.8427177045955703 0.5252390712411854 0.11811313321122294 53.550598222618014 -0.004216355198655747 -0.21295009289067257 0.9770539776757865 4.90170690225088
0.5413201329808364 -0.8218949166166908 -0.17737342887445642 113.73360993712481 0.8408165538014601 0.5291276561636997 0.11424259350280848 54.439605746472424 -4.221974202680331e-05 -0.2109803307257596 0.9774903034146816 4.903358796416627
0.5436856883401352 -0.8197629152628552 -0.1799853012200929 114.29244287150867 0.8392879626557845 0.5313547232967095 0.11514250998428797 55.33689292008085 0.001246480702919644 -0.2136608311791018 0.9769071043405797 4.918612792375459
0.5425642960699487 -0.8198869445779876 -0.1827825383950069 114.87620157075531 0.8399911868686712 0.5311620840037032 0.1108222465658684 56.25157416432837 0.006225441310380565 -0.21366391517437028 0.9768873887190039 4.935747387271951
0.5437063759742137 -0.8199556050412684 -0.1790426096989866 115.4124920676468 0.8392753173502959 0.5313257059988657 0.11536836509836328 57.08042899640086 0.0005330038272515873 -0.21299255837697575 0.977053673545284 4.9420407479357
0.5413520903607547 -0.8210434353353572 -0.18117854496652036 115.93854594668446 0.8407937900621724 0.5281410418057301 0.11888131218718889 57.90484456764335 -0.0019188950286272576 -0.2166904419676733 0.9762384776309051 4.945775103145402
0.5413674925328427 -0.8203625616568011 -0.1841916910775923 116.45599860748602 0.8407859532678831 0.5281052065571283 0.11909574059878239 58.7175834958008 -0.0004290953439510261 -0.2193403486326709 0.975648308738486 4.947998501570767
0.540561859145421 -0.8195182625275038 -0.190217684305579 116.97000967679574 0.841304169765644 0.5264646702124834 0.12264651966975672 59.533326248443466 -0.00036817183479375553 -0.22632896125863233 0.9740508512138739 4.963388855928016
0.5380688260312557 -0.8210270803464832 -0.19077878653693406 117.46472973385387 0.8429008403832744 0.5241797751526539 0.12146464685736874 60.310121779358575 0.0002766174892941532 -0.22616393903829493 0.9740892110925111 4.970019847565336
0.5365292274970317 -0.8209305644924246 -0.19547242753139574 117.88360170996302 0.8438805414227776 0.5223230390991329 0.12265479390691579 60.982032161218804 0.0014086836405247387 -0.23076325939747644 0.9730089047526943 4.987120262979864
0.5398379199656599 -0.8189492018903872 -0.19467228485759536 118.3278426289897 0.8417683979306947 0.5254705745551412 0.12371969671796045 61.671625354202405 0.0009744109207596833 -0.23065756067497775 0.9730344984799923 5.002674113114005
0.5442398861424042 -0.8156398557035572 -0.1963024343226867 118.84403713251413 0.8389287234695991 0.5294730696922577 0.1259237437595842 62.47355535192775 0.0012284287301564528 -0.23321647419527186 0.9724240649696843 5.017346214174777
0.5461324292037337 -0.8143950786052069 -0.19621442178666967 119.42128484774015 0.8376978756332737 0.5312932449749999 0.1264503097565907 63.37045688145584 0.0012668873386965716 -0.23342701872765778 0.9723734966203945 5.0313988357711725
0.5533347932197845 -0.8078959844055407 -0.20279240270594498 119.93810051858034 0.832899600772512 0.5395528422473116 0.12312964423704126 64.17553523781612 0.009941272544676884 -0.2370376270652432 0.9714496021208999 5.04540190680945
0.5572409980770892 -0.8052418146235216 -0.20265281553755232 120.43880943075669 0.8302756627264845 0.5436246089905465 0.12294117381119744 64.91081262723883 0.011169684132528198 -0.23676556270001406 0.9715025998323983 5.067221500522695
0.563649047259135 -0.8006315286363592 -0.20319690076058203 121.00218294817196 0.8259445570434948 0.5494802331360623 0.12604358736987153 65.76588532946828 0.010738210787910738 -0.2388737216966441 0.9709912620190011 5.077919845865782
0.5697748314001811 -0.7953902446316135 -0.20666657651683062 121.5416107799292 0.8217260520030627 0.5548059948766846 0.13021723135766125 66.55461764813751 0.011086340502079189 -0.24401781060633726 0.9697073765660161 5.096311815431939
0.5763198828473444 -0.7892998307558452 -0.21180472942086745 122.13250313856578 0.8170117775636387 0.5623911239387602 0.12731026223876776 67.40058777962818 0.01863113180033027 -0.24641839345422975 0.9689844432707158 5.122543569422176
0.5833924970536281 -0.7832599584118487 -0.21484204786687172 122.70708858199639 0.8118596439699464 0.5699306480851252 0.1267394914790328 68.22454282915903 0.023175099149146047 -0.24836045644883253 0.9683904137574569 5.149945812783887
0.5867594964091836 -0.779391345693652 -0.21968727144035707 123.3272432741997 0.809299285725229 0.57359363147949 0.1265896357720803 69.08153136224246 0.027348353631712452 -0.2520704223378704 0.9673223685728694 5.184914468001979
0.5901951560264962 -0.7741942423936717 -0.22867668540710054 123.89833832468322 0.8066724052056422 0.5764192259039528 0.13046237205468575 69.86698537993156 0.030810421077654238 -0.261465431390926 0.9647209654329889 5.225685735826576
0.5965929527466018 -0.769098043082206 -0.22927084956801946 124.48457733025526 0.8018830054317763 0.5828511030084065 0.13140837551575282 70.67231655972824 0.03256484348797564 -0.26224570819842213 0.9644515096703905 5.262827781656661
0.606740057178617 -0.7584896815752473 -0.23782342096647666 125.04975812984432 0.7940389055176749 0.59224531232569 0.13692198649830592 71.42671182266548 0.03699589266474036 -0.2719171023148684 0.9616092701300296 5.299098098958794
0.6160520753080717 -0.7511033015189109 -0.23732624076877712 125.62399322385365 0.7867667123747155 0.6014304839682528 0.13885041262775627 72.1818850030073 0.03844423287404231 -0.27225947056846883 0.9614555718544083 5.348446865332289
0.6274183848198683 -0.7417356980468193 -0.23701138840666522 126.28683902063872 0.7776150734440008 0.6127600629543963 0.14085391948720855 73.0073792511407 0.040754733354221945 -0.27267796635838093 0.961241787157252 5.405361243263782
