1.0000000000000002 0.0 0.0 0.0 2.168404344971009e-19 1.0000000000000002 9.791700870259712e-19 8.673617379884035e-19 -8.673617379884035e-19 1.6601845766184287e-19 1.0000000000000002 0.0
0.9998809449290221 0.015407307935219453 -0.0008754385828401009 0.12674727194546526 -0.015406002474307833 0.999880279715732 0.0014823153525704465 -0.007077239191110234 0.0008981724407408163 -0.0014686495522774048 0.999998475355254 -0.0016741036498304912
0.9988094223871332 0.048618147730276035 -0.004008618793979892 0.44368832338452957 -0.04860903152186933 0.9988151943892823 0.0023421031274024136 -0.03849176071845403 0.004117737767654216 -0.002144457184960792 0.9999891798900287 0.0065000333404750255
0.9963604265083968 0.0851163073093478 -0.004601117332052265 0.8031652899643558 -0.08511138350957774 0.9963707082519541 0.0012570083685186347 -0.08458551472501774 0.004691409985378828 -0.000860823681153406 0.9999885819413201 0.011905819546920701
0.9921700112327474 0.12480316440057908 -0.004784822743722464 1.1467652622077962 -0.12479463939508537 0.9921805479067975 0.002043102804741215 -0.1464347636516782 0.005002393161141464 -0.001429982775470445 0.9999864226928266 0.020922936536421355
0.9868680702384832 0.161528101642615 -0.0003740136120722404 1.465634387302141 -0.16152701906254222 0.986866204037235 0.0020575172807808266 -0.21473127504689593 0.000701448141832658 -0.0019700824060351154 0.9999977705494603 0.02538095785136911
0.9802789102482716 0.19761712281636065 0.0008868229368192099 1.825725016076498 -0.1976167447509206 0.980279288267239 -0.0005050977905255768 -0.30087847194945677 -0.0009691501055438192 0.000319887751535316 0.9999994363888275 0.029386293039194836
0.972884798777584 0.23126992113569275 0.003073670129835224 2.1248999896903844 -0.23127442372562113 0.9728878844206573 0.0011921465231304424 -0.38972580372104515 -0.0027146286231098547 -0.0018706801395587027 0.9999945228376641 0.0352589179726629
0.9619682341130792 0.2730967925016998 0.0059425621851425135 2.469290784947015 -0.27309948761792735 0.961985783883803 -0.00037068010981720564 -0.5080685658716605 -0.005817891409714083 -0.001266325905765094 0.9999822313002958 0.03906964581403465
0.9501761509894882 0.3115041881511927 0.011422714990073697 2.759034619441006 -0.31154116738033777 0.9502314227063329 0.0015685229509788893 -0.6252004109432201 -0.010365620267118464 -0.005049016297599678 0.999933485642409 0.046256355941928874
0.9391083641457789 0.34327424479731855 0.015437901831086825 2.975197692157745 -0.34327509418615076 0.9392311484241262 -0.002678708054116576 -0.7271727542170744 -0.015419288190891459 -0.002783847605259331 0.9998771975109095 0.04933866046769127
0.9241286374243829 0.381781554185136 0.015138095613785912 3.2580142587559457 -0.3817919629370496 0.9242454609525497 -0.002311034559819892 -0.8669327548739453 -0.014873625121741339 -0.0036439074682863464 0.9998826989063136 0.05235942297873927
0.9096829774093916 0.41491115437586557 0.018046333387904852 3.4978469654021285 -0.4149152547993927 0.9098526266136816 -0.003693929397338878 -1.001013213344291 -0.017952154620500007 -0.00412739172850417 0.9998302851684753 0.05470016332722366
0.8861043710443175 0.4628474598832313 0.024317237887382458 3.769156438176429 -0.46289634091973175 0.8864038233401857 -0.003918605169856721 -1.1727948707779294 -0.023368606774949615 -0.0077840642391346915 0.9996965694246391 0.05318732510074614
0.8623690864221661 0.5055804007469993 0.026609635972307182 4.027466375491603 -0.5056170149136765 0.8627384048857067 -0.005830514600108643 -1.349182353858735 -0.02590494626297291 -0.008426226082132646 0.9996288545411237 0.0477116629297159
0.8377060489486166 0.5453404104755892 0.02919705156159603 4.3099006372748505 -0.5454412527250386 0.8381336483729959 -0.005093449338554009 -1.5476447591321238 -0.02724869248132428 -0.011658459605352467 0.9995606552059572 0.04499087736998317
0.8139799283786606 0.5800305070239635 0.0316439991289157 4.555472668716435 -0.5802273424870359 0.8144471101063094 -0.0035002578998507574 -1.749618234167072 -0.027802617398616492 -0.015511569935812727 0.9994930315024644 0.043063673099661685
0.7942509220520878 0.6065101424856096 0.03620739488240174 4.846516103495509 -0.6068450259350431 0.7948173628332696 -0.0021424686965540937 -1.9935698814095348 -0.03007769227175644 -0.020270615260109575 0.9993419579616657 0.03589354181274826
0.7767660992742987 0.628617325681037 0.03840234933552461 5.142368343263884 -0.6291240407461718 0.7773036437203812 0.0014500860940294988 -2.2427883114727813 -0.028938734184693872 -0.025286213803450863 0.9992612628403781 0.03332576202372038
0.7599703681096378 0.6487256322596556 0.04000186504761795 5.48169916309153 -0.6494571282175315 0.7603606222649852 0.007568266095588286 -2.5380184247057898 -0.025506112642505366 -0.031731148465029 0.9991708996928561 0.02506105471279925
0.7471918359536571 0.6630914091894293 0.044879827384429326 5.8181000262514635 -0.6640169950747149 0.7476711838564175 0.008327485703472193 -2.839493552992871 -0.028033467002859414 -0.03602319101859348 0.9989576411413604 0.022850734106785488
0.7367609754473796 0.6746741661557092 0.0447000015950833 6.156711629160462 -0.6756610647295578 0.7371362362689209 0.010602392336747748 -3.154230384900122 -0.025796828604799506 -0.03801347292159077 0.9989441495241101 0.018909403220761636
0.7229453895546601 0.6893698331588589 0.04603533876125633 6.529527274715071 -0.6904080432935612 0.7233470711571701 0.010289039768238096 -3.515599837009894 -0.026206571694201927 -0.03922157521939622 0.9988867793676215 0.018033802470360363
0.7010302476097297 0.7114168715391536 0.04942350036531657 6.912504484968135 -0.7127814649756556 0.7011727879349664 0.017303773638052952 -3.903325830603359 -0.02234421544430769 -0.047358615905854023 0.9986279647064433 0.005912475174697484
0.687572191066041 0.724429505714102 0.049461387830726906 7.361331664985662 -0.7258469457432779 0.6875753961291741 0.019657108851929606 -4.38339330275074 -0.01976824245576815 -0.049417070645626636 0.9985825374384875 -0.005529714736561008
0.680943808232846 0.730758564838714 0.048036501817765816 7.8667699237990485 -0.7321605099728541 0.6807495730932835 0.022828103404677526 -4.925238147411848 -0.016018995295257812 -0.05071507713398119 0.9985846419303163 -0.009920300513458921
0.668679562596192 0.7420645274637688 0.04698867106883179 8.457307209491834 -0.7435008760624995 0.6680302660821426 0.030694084576181356 -5.5788846268844114 -0.008612863322149571 -0.05546061636520671 0.9984236841020241 -0.015695450866382257
0.652891693499926 0.7560324394567967 0.04634050723157528 8.983936803124413 -0.7574434452970801 0.6519411992200975 0.035386662337701484 -6.176177427971754 -0.003457822155240288 -0.0582039622439669 0.9982986810584888 -0.015007681093690519
0.6379260013341871 0.7688486749854458 0.04384275718491109 9.48138106293249 -0.7700954595867731 0.6367512998296629 0.038741208351361835 -6.75755735737791 0.0018691924164610752 -0.05847712325592967 0.9982869560068858 -0.014458648833559498
0.6256387964261476 0.7788151158911253 0.044979631263611056 10.039501343479081 -0.7800890417068326 0.6241276098535522 0.04388541401035122 -7.446387910455675 0.006105591809683369 -0.06254452543306876 0.998023455859169 -0.006256244919731382
0.611883616319437 0.7896875834470548 0.044632008604532404 10.543297920528552 -0.7908867975794925 0.6101602811423116 0.04693208567965543 -8.100928624199746 0.009829003666259264 -0.06401583088099493 0.9979004351344964 0.007146371828272598
0.6029363496741397 0.7964343011906925 0.046478142079831405 11.054275414423676 -0.7977045556195134 0.6009989052384621 0.04967769903585648 -8.75757987199658 0.011631708017600106 -0.06702830603975954 0.9976832282423647 0.020221467046920016
0.5898920818362919 0.8061334685912238 0.04664995355414558 11.502528752698517 -0.8073854733280067 0.5879423750422741 0.049523499714913745 -9.36374374227412 0.012495062986669447 -0.06687800507061192 0.9976828755655811 0.042809776955125264
0.5734763138340486 0.8179835410343821 0.04503220659529462 11.990171778426706 -0.8190457283653916 0.5713449924651617 0.05224088788336273 -10.055788207738908 0.01700325698300442 -0.0668423381943652 0.9976186172254166 0.062060576397575895
0.5537255170873518 0.8314374549555614 0.045824292531797255 12.484985366110484 -0.8324826530959082 0.5514872965182855 0.05324011653634016 -10.778385712190515 0.018994307763659988 -0.06762832954752795 0.9975297186917602 0.08622196389472087
0.5305844462034813 0.8464482619928033 0.044783264496725775 13.019014243178828 -0.8473355059841648 0.528260359792711 0.05443940214300212 -11.603047734733504 0.022422909404683472 -0.06683114013206239 0.9975122686967564 0.11752344107180226
0.5105206956800157 0.858690629907084 0.04493414019255559 13.530654790002897 -0.8595913945971121 0.5083411882286749 0.05188435814678247 -12.452845179942145 0.021710733513471484 -0.06511302912072287 0.9976416450044089 0.1513625626564767
0.49045242017310664 0.8702437634416622 0.04617652325490672 14.031929168952537 -0.8710289691474191 0.487834923017384 0.05766921818492274 -13.315690753160068 0.027659751556684344 -0.06850508695301136 0.9972672187350062 0.18555793046947705
0.46639182958740494 0.8833562218417299 0.04648120254784744 14.503754407721143 -0.884028145771564 0.4636049098015593 0.05970628967731466 -14.200890756484965 0.03119300302119464 -0.06893720684884219 0.9971331768788317 0.2212487102241232
0.451618053563192 0.8907443288152337 0.051144207315874116 15.03235929618021 -0.8918873221362468 0.4491667182394266 0.052786170292142165 -15.22803567642183 0.024046701234226094 -0.06945404741665413 0.9972952450579863 0.27238575040309404
0.42846323763509286 0.9019226613607293 0.05435827887184865 15.433503018477328 -0.9033148980393481 0.42617242787479 0.04898339141915095 -16.061730301217157 0.02101322659123891 -0.07009021540637965 0.9973192670206389 0.30134603772431007
0.4069988357010122 0.9117076861765985 0.056045501757142825 15.872485467005324 -0.9132246084326994 0.40484413289312227 0.04606689212885415 -17.022881789794273 0.019309842783647918 -0.06993129271173697 0.9973648573262487 0.33560516227500825
0.3770542533990777 0.9243012419407111 0.05913847904029707 16.301603729901696 -0.9260193420149073 0.3749849223708512 0.04329667590309189 -18.02808857722415 0.017843129201728692 -0.07108856102074798 0.9973103597127436 0.37209970524552743
0.35027422185943063 0.9349409872740077 0.05650995822464111 16.641298814259294 -0.9364667177540328 0.34838425502692344 0.04072607670494153 -18.90563867897329 0.018389294428201416 -0.06718498024588287 0.9975710133308132 0.4004567929178804
0.3236490229725428 0.9446248998124216 0.0541771552037109 16.931491157559705 -0.9459487813360142 0.32178173422087836 0.040466461992196494 -19.738036399764265 0.020792404074396656 -0.06434573556606707 0.9977109885158832 0.4290730117177692
0.2883364730213721 0.9559821413304342 0.054408449211029476 17.254443997207694 -0.9572258724410765 0.2863492755755867 0.041507077013550664 -20.747848765962473 0.02410019931220556 -0.0640491703032208 0.9976556512818706 0.4638963575162699
0.25833493855469863 0.9643171591518518 0.05792695098068204 17.499331592687902 -0.9658451557904814 0.25656283165594435 0.036314795665079905 -21.618169460039056 0.020157073462271434 -0.06532983624448538 0.9976600719903438 0.49737533263863315
0.2234613623796191 0.9730319762887688 0.05721755155276633 17.6801727929775 -0.9743256330893686 0.2213329205569364 0.04124821109078838 -22.405846037812413 0.027471695038145862 -0.06496589944852774 0.9975092241371243 0.5253579038751192
0.1847396520757665 0.9810579397544622 0.058280660242748215 17.863896301276743 -0.9824032780481666 0.18268425920326473 0.03886356462064661 -23.328909551419187 0.027480443839483917 -0.0644347440853571 0.9975434343020418 0.5666357882997036
0.14726621025664716 0.9874201710929685 0.05756843404204957 17.996261494850774 -0.9886561498934134 0.1452135847388936 0.03836858116564385 -24.18492819349977 0.029526186459235076 -0.06256577322390937 0.9976039508202348 0.6048800179350019
0.10438741961509625 0.9925658480864658 0.06258082295059128 18.08734264023443 -0.9940390083217214 0.10213782848820237 0.03813698810780655 -24.93792575410442 0.031461596464446163 -0.06618879191740648 0.9973109475637452 0.6459448389397091
0.06724756030816535 0.9957373485164787 0.06312649178157245 18.13978017677981 -0.9971404913659256 0.06488639159814448 0.03873903198770226 -25.74727758962526 0.034477844204072114 -0.06555107753429104 0.9972533523890534 0.6884311765968847
0.028540204079121393 0.9976042403555115 0.06301818736286836 18.172380601427857 -0.9987760313541889 0.025912263198366495 0.04213205126464475 -26.605447418971234 0.04039816183653942 -0.06414350379293271 0.9971226172339425 0.7235906935267781
-0.0117372156677845 0.9977366259680354 0.06621116622568443 18.165833734532296 -0.998628520239037 -0.015075015596922984 0.05013919031451708 -27.480632331869142 0.05102383225509272 -0.06553185574364755 0.9965450610899993 0.7689718274643018
-0.05489862498615914 0.9963414705565005 0.06549710365058761 18.135420144489185 -0.9969574813233539 -0.05833148649942945 0.051704294324678816 -28.38862192886555 0.05533566681241144 -0.0624593245948985 0.9965122734355295 0.8325819469684183
-0.08769920179167666 0.9939607961634784 0.06596090704230331 18.060791994193313 -0.994236270397898 -0.09143822638708769 0.05597682838383613 -29.209378934204928 0.06167011119216366 -0.06067159511227581 0.9962508064188209 0.8909036262389503
-0.12385844019362911 0.9900680317070875 0.06651642614521129 17.970981819720496 -0.9902499217113415 -0.12763116375445227 0.05581661513221679 -29.962716211279755 0.06375180482150132 -0.05895451926499394 0.9962228598051278 0.9410957158058232
-0.15537905147313996 0.9853761280741278 0.06993777339624263 17.854610244951097 -0.9856757383214502 -0.15934728020267006 0.05524399616182565 -30.69868984991194 0.06558049843904712 -0.060352198964114916 0.9960204438979928 1.0007272394934257
-0.18296008996249752 0.9805902433663126 0.07048713115446952 17.7204578338348 -0.9802518700520719 -0.18742979900509257 0.06305915984040997 -31.437981558892346 0.07504657393224533 -0.05755782525021726 0.9955174648651676 1.0632379969027017
-0.213376537284112 0.9740793715894299 0.07509917937807392 17.54572434442733 -0.9734734491427072 -0.218481552495501 0.06793652161252033 -32.265898118599665 0.08258333683058457 -0.05861099005151434 0.9948591149912536 1.1432426957995163
-0.2400510839095462 0.9674271791420953 0.0803752806134888 17.35533901749881 -0.966481884198279 -0.2459373772275168 0.07367285751514 -33.0221903280514 0.09104039660068508 -0.05999599584274034 0.9940382492780148 1.2194001840805662
-0.26277288169597146 0.9611970651990871 0.0839682681763393 17.137959456788856 -0.9596733237663718 -0.2693788703714759 0.08038813210943116 -33.84525445592741 0.0998880989257916 -0.05945827849768241 0.9932205168889514 1.3069397451879803
-0.27233309586602017 0.9584832165310007 0.08452611482312883 16.911640166757888 -0.9571375274857773 -0.27885428195780765 0.07828255774857894 -34.65163466133366 0.0986029720092985 -0.05958417786513579 0.993341378387683 1.4112991718268875
-0.28631514841611694 0.9544604864598819 0.08383836315732451 16.6530721493288 -0.9534399591165081 -0.2924714528766134 0.07357179858889801 -35.546001480268586 0.09474168825453358 -0.058870117850211304 0.9937596470420077 1.5169450168660468
-0.2962630116731208 0.9517971709366274 0.07943820789822499 16.36776666294407 -0.9508880201402015 -0.3017409596811819 0.06902522973506467 -36.47065008036361 0.0896677658304101 -0.055087211037297565 0.9944470852233355 1.6229792178271156
-0.30009826708922277 0.951003574732488 0.0743860638745705 16.09872628789523 -0.9502589648556871 -0.3048544587989907 0.0638104583687027 -37.31188984047974 0.08336088442834974 -0.051536609790090795 0.9951858395077475 1.7039593676242701
-0.305764290073444 0.9493390962176155 0.07255022309600961 15.829330907531686 -0.9485898814408592 -0.31029288211683465 0.06241538328886781 -38.174571162920074 0.08176516876079615 -0.04973600611931501 0.9954098157195814 1.7849057828902943
-0.30854869380398114 0.9484614947441969 0.07223954666343005 15.546854298570192 -0.9478132197208133 -0.31297052793981495 0.060824872371342424 -39.04029897431408 0.08029888599018396 -0.049702156358727184 0.9955308628666926 1.8685709972194497
-0.3085599557288104 0.9478260188442954 0.0801039779604292 15.260354269476444 -0.9468898566697224 -0.31408144739517424 0.06893881108342602 -39.946418567795845 0.09050115844908224 -0.0545778810548779 0.9943996729570093 1.964267792416143
-0.30849060259933786 0.9477698758852713 0.08103003168574027 14.989886864130934 -0.9466706887117537 -0.31422490413960785 0.07125610632022525 -40.78404770200554 0.09299603091788697 -0.054726910046979244 0.9941612635323821 2.05808533681673
-0.311412425013393 0.9465486511016983 0.08407144704066162 14.686877048009936 -0.9453183194676922 -0.3175976916917767 0.07419634119203415 -41.704623283643855 0.0969313296210786 -0.056368609612751405 0.993693519927693 2.1676565776476315
-0.3079739725235952 0.9474845892820608 0.08616867692913643 14.383802988084318 -0.9466664055422647 -0.31420252682800787 0.07141151649443644 -42.61783962945203 0.09473571311262527 -0.05958009593849636 0.9937179032235836 2.2710562299458497
-0.30215872771211133 0.9493010251279037 0.08676244879662422 14.094356790087591 -0.9480459315540729 -0.30876393934609936 0.07664109445134573 -43.527370429105495 0.09954457010035922 -0.059097003751798 0.993276566253915 2.3841796650791878
-0.30466483032020103 0.9482551101398221 0.08939598884935715 13.841439880223575 -0.9462211032290515 -0.31205810331984746 0.08535502265167441 -44.31062129532167 0.1088350630318723 -0.05858369052183553 0.9923319981829487 2.484099640600083
-0.29709232346536885 0.9504998153666123 0.0910291595515513 13.588806136598683 -0.9485714448045597 -0.3047085314591053 0.08581981643465249 -45.107071414686644 0.1093090650409653 -0.0608512452450576 0.9921434213913175 2.585447423518286
-0.29288249802080374 0.951550280393932 0.09365875184946905 13.33900171802541 -0.9500381568152099 -0.3006677133511929 0.08382447541604701 -45.90449983170896 0.10792334985446053 -0.06442865826652938 0.9920692581207423 2.6919921583067463
-0.2915787774572848 0.9514324924590039 0.09878301672068791 13.081520471588007 -0.9497984243341203 -0.3002191059252879 0.08804292989953771 -46.70678802475241 0.11342343650652373 -0.06815249533371087 0.9912064748521937 2.794110815568423
-0.292767667295993 0.9512768643768367 0.09674438407532143 12.846482042026214 -0.9493882811584555 -0.30123635605779203 0.0889868828730863 -47.4979370816671 0.11379407189924025 -0.06579549426085012 0.9913232452099741 2.908400673128039
-0.29219144913868783 0.9512599020162459 0.09863473743541434 12.591808512577545 -0.9494839072187915 -0.3008889260035568 0.08914190976423741 -48.34142741640916 0.11447520773502141 -0.0676055837317621 0.9911230126580579 3.026294401097828
-0.2979462699966076 0.9493659898432235 0.09966089045750366 12.32285117515919 -0.9479443662933541 -0.3065485463156537 0.0861950294384947 -49.219246487595576 0.11238151398086302 -0.06879148363275593 0.9912810103361442 3.139661227281877
-0.30017059995806883 0.948561164596324 0.10064483843275819 12.032787529716861 -0.9471472580216451 -0.3089055336887602 0.08654223716771912 -50.17382992548719 0.11318033614608589 -0.06934803893420743 0.9911513382747925 3.264158709464939
-0.3047962028684825 0.9472885114671141 0.09871072040083347 11.754089213173833 -0.946024330325929 -0.31310846275094306 0.08367301190091822 -51.054350609795186 0.1101696285457127 -0.06787951848228972 0.9915921229390567 3.38595059519092
-0.3035855454848991 0.9480624020220829 0.09493973882117157 11.46892059545577 -0.9466296029989963 -0.3114426447814692 0.08304209578845236 -51.96430452938747 0.10829735612568202 -0.0646623793598818 0.9920132931114277 3.493402254796613
-0.3039053319963412 0.9478276139556624 0.09625185177432619 11.207569975256337 -0.9465149340224306 -0.31188241936891736 0.08269795702770939 -52.78447657069794 0.10840265164550482 -0.06597145691740293 0.9919155943660186 3.6079665847472353
-0.3032275870870217 0.948678854792824 0.08978594801546648 10.910202185057296 -0.9470863623466249 -0.3104393608504878 0.08157782435950531 -53.69146642030444 0.10526423366446488 -0.060298392653134164 0.9926144565301045 3.7176144204900887
-0.30089881565560606 0.9498434390577581 0.08519037257027079 10.626280785560201 -0.9478199593051622 -0.30772948620862184 0.08330668638224895 -54.57856543677245 0.1053438834190747 -0.05567824537968621 0.9928758802467211 3.833053287459752
-0.3081065251243412 0.9473229570108533 0.08746221960763162 10.336872249743564 -0.945459913226724 -0.3151176276422632 0.08250181310661911 -55.48769408797791 0.10571673300501216 -0.05727266860515273 0.9927455505574753 3.9439558845697262
-0.30880019422120625 0.9472142779450891 0.08618356727698055 10.046088860819353 -0.9446406319903355 -0.3159969304861411 0.08831835738785099 -56.34833759873605 0.11089013547967833 -0.054139766946782346 0.9923568802836609 4.0566151797486105
-0.3041508992341492 0.9483745731286218 0.08987744489492436 9.769672442274079 -0.9459138983132724 -0.3118397954815979 0.0894592357849962 -57.211604631963574 0.11286821196831574 -0.0578072101832123 0.9919269164288177 4.174148166014084
-0.30516745854303334 0.9482887041952126 0.08730069475570056 9.503581764463846 -0.9460859069122578 -0.31235453294608073 0.08576839992385711 -58.0506552538048 0.10860195649265961 -0.056420225444419735 0.9924828903134002 4.287757137541833
-0.30575446062285794 0.9482106480764355 0.08608619079950358 9.210682935558411 -0.9463917697957381 -0.3125681092987411 0.08151018983999901 -58.94838730263736 0.10419661232518945 -0.056549151420290926 0.9929477195762487 4.398857539249454
-0.30392529490286957 0.9487834726319595 0.08625191442119252 8.93170036212201 -0.9472345336098699 -0.3106221818767178 0.07912467629312177 -59.784809774440376 0.1018639277887819 -0.05765279429139845 0.9931262809350627 4.504477043164453
-0.30908352994656396 0.9471065205119577 0.08635198829315535 8.67086978480711 -0.9463065660381325 -0.31531937739587834 0.07125790655951804 -60.58554487799137 0.09471726884114354 -0.0596908009028843 0.9937130177415008 4.60150912464798
-0.3121441530172423 0.9458286533188663 0.08929861063222214 8.364669634365208 -0.9449022062940663 -0.31884064104228516 0.07416590925622234 -61.52838673829011 0.09862025354742068 -0.061227991774731434 0.9932396956281748 4.715757639757689
-0.3136974318710421 0.9454171541782477 0.08820647020311848 8.037820952324472 -0.9444474822867951 -0.3202635942029676 0.07382614283424417 -62.48123680299824 0.09804580833110746 -0.060147299931676196 0.9933625904661914 4.827538801233444
-0.31750440257965534 0.944577773257073 0.0834496265655105 7.732869999679899 -0.9438684846895719 -0.32326556663232836 0.06791003589413466 -63.363239201996244 0.09112268748333477 -0.05720373022264512 0.9941953044711602 4.929058991290439
-0.3186963971227249 0.9440461873174771 0.08490852863527114 7.457239427015757 -0.9429801901402844 -0.32485725629581375 0.07249993083031657 -64.17057854623644 0.09602642048042258 -0.0569615867885077 0.9937475627936534 5.010340627692001
-0.32318483110634066 0.9419362229391594 0.09114698250931746 7.1632880873676985 -0.9411286990603255 -0.33000231304587346 0.0733168543027082 -65.0302324069284 0.09913850102796118 -0.06208613830868782 0.9931348263966565 5.114319420660604
-0.32719381303387707 0.9401113233882213 0.09557700514389936 6.875591937098104 -0.9391268827683584 -0.3347258139639616 0.07745607441254412 -65.87973534835918 0.10480940789035831 -0.06441577869802537 0.9924039045824403 5.2179978782479255
-0.3253896609403792 0.9405529195374838 0.09737468698434178 6.613561688027283 -0.9384287455775387 -0.333853033420725 0.08884682034265251 -66.64111955994984 0.11607395387369894 -0.06246936098162748 0.991274094551425 5.314502346395716
-0.3255106544751522 0.9406412679421742 0.0961086594952552 6.3341206754582915 -0.938202332133987 -0.3339494362738312 0.09085303476599163 -67.47444288398539 0.11755552926878424 -0.060595730280889104 0.9912158036311446 5.437288656448777
-0.32742970858269094 0.9400555285211438 0.09531759961814448 6.049795744899735 -0.937873639804885 -0.3356036852446342 0.08810969381861088 -68.30256848707155 0.11481692563382177 -0.060546125342973024 0.9915397897472519 5.555379117190699
-0.33422628458384707 0.937411185084586 0.09774004468111959 5.732137320025589 -0.9358377762368115 -0.3423790589727599 0.08357243852203161 -69.19227818609218 0.11180586668927511 -0.0635367126955386 0.9916967523753311 5.662698431442983
-0.3339502951495271 0.937412352331303 0.09866781455426432 5.422837655337212 -0.9358870797953234 -0.3422156913523354 0.0836893684996925 -70.05412474145012 0.11221710564149318 -0.06439383566378357 0.9915950128394282 5.782209792975062
-0.33714594186911934 0.9354809296615926 0.10586831293330813 5.166511994379221 -0.9340970424853986 -0.3464194606110887 0.08635038196444765 -70.77047334046799 0.11745396226751657 -0.06977858860514016 0.9906237578808664 5.881431901114545
-0.33765812227660247 0.9350794012666603 0.10776623474029678 4.895830813205818 -0.933251677736885 -0.34749191722659234 0.09105377201922228 -71.53015583516238 0.12259038429485741 -0.06982796514399309 0.989997761270379 5.980781227406917
-0.33786144092750514 0.9341120399164533 0.11525796796833657 4.620479843236322 -0.9326232528140804 -0.34875484648689536 0.09265010144537227 -72.28230605713259 0.12674233180209765 -0.07618935486350294 0.98900529720165 6.084324334099517
-0.33506246116880894 0.9356371993948244 0.11097852849442497 4.338670802606872 -0.9341940222335406 -0.34522271905704954 0.09001621523608097 -73.07419699943581 0.12253481104324918 -0.07351441427014045 0.9897377255289339 6.1949111149044995
-0.33763593425513794 0.9351610976557341 0.10712494057716232 4.017492090057542 -0.9337816275151878 -0.34710477495577485 0.08700725977434137 -73.95981913840183 0.11854936561407001 -0.07065451526704068 0.9904311696139994 6.328311244061269
-0.33882734433563855 0.9352091693444113 0.10285862077275018 3.7118211962214374 -0.9340474689458227 -0.3474832477418282 0.08252777853635428 -74.84001770189249 0.11292236620798923 -0.06811215803263031 0.9912664563558078 6.461652884252823
-0.3383683834666557 0.9355104775244509 0.1016220403003881 3.3835181094273024 -0.9354521516212928 -0.3461251616773678 0.07160139954191949 -75.74894365297857 0.10215778937781371 -0.07083489775713123 0.9922429731105425 6.581131046113273
-0.34114545129186624 0.9348608990557661 0.0982595341032678 3.070887846749093 -0.9345879069709183 -0.34853103636119565 0.0712157059373911 -76.62611704548819 0.10082326107738968 -0.0675372499286589 0.9926093412092536 6.681739422215326
-0.3474787726057024 0.9324680343167124 0.09880244495273664 2.7291295743911146 -0.931748713009129 -0.3551963395528568 0.07536585506405023 -77.54121718047703 0.10537050187607197 -0.06587100809420084 0.9922489516170386 6.785598118344154
-0.3410805619729137 0.9347643907086014 0.09939637654409822 2.3995769443088215 -0.9336845824452027 -0.3491465111378602 0.0795608584659534 -78.44939136550842 0.10907453936385567 -0.06566819400739715 0.9918620607304443 6.898564967055494
-0.334074532354598 0.9374302572065248 0.0980753550513221 2.095376517906244 -0.9364917658383634 -0.3419020745334563 0.07801448507882937 -79.2756193919471 0.106665290357572 -0.06578410178038145 0.9921163652233327 7.009618228777905
-0.3338741341134528 0.9378862324505793 0.0943267359359348 1.8289359262619713 -0.9376736984856403 -0.34069156549891727 0.06853764149435868 -80.01772556732814 0.0964168192034522 -0.0655647456312457 0.9931792262542913 7.106817411977933
-0.3294505875305613 0.9397233478729436 0.0915554225642161 1.535729867847672 -0.939535787994324 -0.3358862978753907 0.06673090672919614 -80.85470439611821 0.09346078889805667 -0.06403505182975615 0.9935615267479853 7.205109814886857
-0.32853106926510317 0.9398176246064249 0.09386279651354333 1.2203959499896138 -0.9403659616356718 -0.334756614909509 0.06041508840345243 -81.75714375816806 0.08820034345979524 -0.06841713692062136 0.9937503253570452 7.305150168515946
-0.3271642949829306 0.9401775489458623 0.0950250288563534 0.9219614261780422 -0.9414238659294327 -0.332985826589142 0.05330722169349408 -82.64757768118356 0.08176022819876078 -0.0720186015645227 0.994046528323323 7.40556136035099
-0.326743994232427 0.9402518916056302 0.09573295215207725 0.6121737810939564 -0.9417952160151294 -0.33240223182615547 0.05030549973371237 -83.57035824144197 0.07912167596150228 -0.07372380735784943 0.9941350386038003 7.502901364366813
-0.325634387006386 0.9404073279993925 0.09796100758309752 0.32532713398083757 -0.9422854360666266 -0.33131295253149484 0.04827007765730942 -84.4310307240861 0.07784927329431905 -0.07658882414943012 0.994018891682159 7.595348231739937
-0.32434048415228883 0.9409522911138758 0.0970159355471263 0.0204887469110977 -0.9429443587354549 -0.32976467013975075 0.045949043429164386 -85.2862054649565 0.07522827389613485 -0.07657748468760672 0.9942215598163224 7.677321941496153
-0.325067554010131 0.9403889249948312 0.09999905319358768 -0.27445903627299517 -0.9426906277716061 -0.33063587765284 0.04488220867741734 -86.1753976073131 0.07526999490457716 -0.07967841058978457 0.9939746944017359 7.75687089491607
-0.32708774619853925 0.9402254777712457 0.09481409599458555 -0.5455909036926823 -0.942099332571783 -0.33228753761635005 0.04509939964251582 -86.96599373300332 0.07390913545891752 -0.07457282638239451 0.9944728491110908 7.828194182220662
-0.3288680966293721 0.9397965780286309 0.09288822588319387 -0.8676269071400424 -0.9415683514737597 -0.33387925507174954 0.044427451774455264 -87.86382656154083 0.07276620735195205 -0.07284983324951891 0.9946848220522939 7.901561101997152
-0.33120712852600426 0.9390342716977398 0.09228504837367893 -1.1885279784349996 -0.9405425540704551 -0.33637898034512115 0.04721230242270625 -88.7672843814428 0.07537670870047093 -0.07116095524257333 0.9946126806915958 7.986555218483528
-0.3235216045526179 0.9414495669123631 0.09490279190256493 -1.4846984846706501 -0.9437772227708451 -0.32826246441990486 0.039095065767600246 -89.62116472282206 0.06795904624166177 -0.07691898546867543 0.9947185290656181 8.067694547865988
-0.31710546776715454 0.9437183334633804 0.09402066240966474 -1.7561726259549881 -0.9463112581056492 -0.3214123821482966 0.03448476938754809 -90.45143988795768 0.0627633039933426 -0.07803749274716339 0.9949727794043661 8.14159394490616
-0.31445134637063477 0.9444632467756394 0.09544412930291027 -2.060117492792179 -0.94698985715372 -0.3190753955669743 0.03743285090943075 -91.39154548334346 0.06580781464665658 -0.07861380227029652 0.9947306750985975 8.214330076425126
-0.309814996872725 0.9457925344286019 0.09742281608819058 -2.3742971820785588 -0.9487598777441872 -0.31422772487366657 0.03340280286152796 -92.34612519474726 0.06220506131535517 -0.08208215962313725 0.9946823431510325 8.301044752444042
-0.30546826650288467 0.9473095640797822 0.09640427130253937 -2.669039883255336 -0.950154703420067 -0.30988119969603267 0.034348181598500956 -93.25925093393904 0.06241222204563486 -0.08110668223907459 0.9947493830073832 8.371869140509489
-0.2962130984968012 0.9502624755548532 0.09622413103771946 -2.9274738904661914 -0.9526313622548005 -0.3012082885355605 0.04203772712092284 -94.07067709805004 0.06893036948760874 -0.07921398977359148 0.9944715492886281 8.434804470372198
-0.2882527199699573 0.9528141991580832 0.09516053213039392 -3.238105588651464 -0.9546610410338039 -0.29367882315965865 0.04873562860232045 -95.07161180405835 0.07438262034305987 -0.07679786560430964 0.9942681871545505 8.511311995047075
-0.2744578801122604 0.9566189409195144 0.09774011193460322 -3.520655244185421 -0.9578125250811816 -0.2809727558014536 0.060411863325005595 -96.04065473083661 0.08525342823425922 -0.07703618185260833 0.9933766627105509 8.59243394422227
-0.2627056636027697 0.9597786646370285 0.09904900191959955 -3.7822939291443554 -0.9610123192086021 -0.2694489594474598 0.06207009358327748 -96.94563843894905 0.0862621888208436 -0.0788811360433229 0.993144760603622 8.691709118145507
-0.24991960524379303 0.9632940190787027 0.09800448604357251 -4.0389042684965695 -0.9644710511541175 -0.256614772199848 0.06280578086405252 -97.9400071216344 0.08564981879213873 -0.07882608380836388 0.9932021301882031 8.792671470519508
-0.23910338048717936 0.9661984418974561 0.0963856829472587 -4.256018803783706 -0.967647641184591 -0.24533674742767736 0.058890056944755284 -98.80942568018777 0.08054641873066622 -0.07918655708077461 0.993600361294938 8.873311854987099
-0.2299724817394554 0.9684509877360701 0.09599686223155675 -4.488406265132803 -0.9699557298642797 -0.23613283170662955 0.05854300837087606 -99.77702041097862 0.07936403286011018 -0.07964941559265468 0.9936585103756731 8.967576315840914
-0.21153663422849622 0.9723066236086266 0.09935863137518595 -4.69542618849703 -0.9739469215083769 -0.21820462971056587 0.0617596113384913 -100.66038357910251 0.08172977990164532 -0.08370560222427743 0.9931331882439401 9.050784846248895
-0.20691029092965524 0.9735539279758043 0.09685523420531332 -4.884896544686151 -0.9748504309189558 -0.2135330308699889 0.06379967084596544 -101.54039415675224 0.08279419909183497 -0.08121854804023414 0.9932515202148203 9.131559898717173
-0.20068502931051496 0.9746444544873304 0.09896343724027684 -5.062752814167551 -0.9762002483980028 -0.20743150718177125 0.06328791979064816 -102.40473027730646 0.08221134229742934 -0.08390718331350279 0.9930764291554417 9.21048699202433
-0.18926707765705186 0.9769335089642351 0.09888856324502163 -5.240251788794272 -0.9783003002027617 -0.19625569050810346 0.06642546576295132 -103.28604278109619 0.08430069364081225 -0.08417054659937095 0.9928789586323776 9.292153050486593
-0.17854887584754706 0.9785141943314765 0.10310347224064348 -5.391744163864514 -0.9802918265857065 -0.18591338012518907 0.06681516111735109 -104.13905325734768 0.08454788556967284 -0.08914170783855468 0.9924239645068014 9.375527474094381
-0.17028360455738784 0.9798730261428624 0.10417486366321982 -5.548308675904749 -0.9818522295133667 -0.177677332501698 0.06631048823650214 -105.03874274184527 0.08348535779160404 -0.09099272154974151 0.9923459245734083 9.462648574955562
-0.16050122354925436 0.9816715606456391 0.1027636113681576 -5.681325034535619 -0.9836392681410709 -0.16770932433434546 0.06578365023063769 -105.8576006356366 0.08181234175895795 -0.09052395552433158 0.9925281197881589 9.5449033339145
-0.1472677840326415 0.9840820295509156 0.09947268199734036 -5.809428088115648 -0.9860325091514099 -0.15397735376120655 0.06349000992850828 -106.7055324245516 0.07779590603112047 -0.08873325374998105 0.9930126489837943 9.619459311856419
-0.1343470762888883 0.9856480254238674 0.10221980548473454 -5.938832017235678 -0.988067153601148 -0.14108525057206883 0.061792944427279096 -107.58706935486009 0.07532778870630936 -0.09269831888874715 0.9928407023696658 9.6936095381162
-0.12521556359398855 0.9866026567564725 0.10457684197559225 -6.059263886235451 -0.9894643127549484 -0.13190461611833737 0.05967966124654999 -108.48423842785515 0.07267426905318987 -0.0960022182736855 0.9927245031035498 9.776455363852067
-0.11757348934402528 0.9871596016205264 0.10813163780574074 -6.163597677522119 -0.9900463999778993 -0.1250016710254979 0.06467475602648867 -109.41930624714074 0.07736092972649689 -0.09945128915282195 0.992030565051182 9.861438033204053
-0.1115823409824405 0.9876768859048746 0.10974427453314056 -6.250133235229004 -0.9907080522017876 -0.11920140675059153 0.06548813531221982 -110.23201984261267 0.07776277732098288 -0.10141720391112992 0.9918000885119184 9.92424316682527
-0.10183399204654851 0.988449240173522 0.11224078236954843 -6.336281537611763 -0.991823234739409 -0.10960480913653935 0.06537256902286517 -111.07479984078459 0.07691958368192185 -0.10466585262004689 0.9915282907207399 9.996579358779016
-0.10117575896412978 0.9884504681183034 0.11282372728028903 -6.416787293233705 -0.992286748815408 -0.10842711246248128 0.060088978555530234 -111.8380454750468 0.07162811860190489 -0.10587392781817533 0.9917963694186307 10.066769277733487
-0.08832910888394571 0.9898317242136689 0.1114952098820453 -6.488999948105542 -0.993393888336491 -0.09576842528576114 0.06322268002421463 -112.65486457886247 0.073257523501102 -0.10517424344720662 0.9917517976408547 10.134140892647801
-0.08192007895098909 0.9904413965772502 0.11097295244088995 -6.556035159384169 -0.9935791878464147 -0.08987912174543508 0.06871867932505367 -113.54978051130534 0.07803596405787522 -0.1046309627399672 0.9914447358818037 10.209792934881603
-0.07820923124115155 0.9908026303775015 0.11042426974343167 -6.61400882158687 -0.993929578705518 -0.08609056079055565 0.06850199889412371 -114.40169954850478 0.0773784359158543 -0.10439644567150755 0.9915209902692155 10.290068620336346
-0.06998067149079627 0.9912572077735058 0.11185664583496079 -6.688642046165 -0.9941946304473734 -0.07849262119674141 0.07359389337932115 -115.3824787956821 0.08173038595114862 -0.10605711280143852 0.9909954324791679 10.371842260413203
-0.06742695601829894 0.9915444877840396 0.11087465855582433 -6.747324086914765 -0.9945355675901182 -0.07567268090891457 0.0719219444794896 -116.24307090334487 0.0797039778786891 -0.1054192999757125 0.991228511222825 10.451768413544427
-0.06804605229687943 0.9910845584520214 0.11454775566308441 -6.811311302243792 -0.9943790852158035 -0.07670734767089378 0.0729817349350511 -117.11302775916491 0.08111771250166497 -0.10893775937235305 0.9907332616095528 10.532524397503257
-0.06094317685595886 0.9912208079490075 0.11733411544089721 -6.860648329924836 -0.994560726443848 -0.07025157814023401 0.07690119062630842 -117.96758512231398 0.08446895409524231 -0.1120092856548109 0.9901105140736709 10.614390107123517
-0.05517594425968827 0.9912544628977111 0.1198760214684306 -6.898694346437544 -0.995513891041431 -0.06385639788476803 0.06981811461350078 -118.86438600748963 0.07686235661428059 -0.115485949139844 0.9903307972819195 10.705673411014608
-0.04762305175016997 0.9908524975491604 0.12626729032203637 -6.941342332889585 -0.9960573405163895 -0.056580308191632366 0.06832685463131573 -119.678932748503 0.07484606501140874 -0.12251551210472632 0.9896403034457006 10.777488483327629
-0.038559237924764386 0.9909161511652617 0.1288348636556249 -6.9788361607286715 -0.9964843394065689 -0.04772823638753562 0.06885559312243049 -120.64853068088752 0.07437916846200655 -0.12572688841945456 0.9892726637208452 10.85268735124466
-0.0331894290801956 0.9912508882987294 0.1277505139206438 -7.006388417174619 -0.9968889598695638 -0.04197596581541752 0.066712337086138 -121.54855015028627 0.07149110328597286 -0.12513891624264945 0.9895600983015854 10.930960807703638
-0.031227664820940356 0.9918844138676298 0.1232485214474295 -7.030869008305269 -0.9973143301686362 -0.03909439831516905 0.06193440720723533 -122.45195208211832 0.06625008933740092 -0.12098343390841204 0.9904412394183659 11.001360279866633
-0.025811600969433735 0.9915558300715519 0.12708600500916156 -7.052309701771984 -0.9974173116582608 -0.03406840183494331 0.06323105515704283 -123.33134710545683 0.0670267277276712 -0.1251256703638628 0.9898741832900725 11.059626293131336
-0.019445258074269244 0.9907868492866783 0.1340274478667714 -7.051741080412011 -0.997505646960528 -0.028323371599216343 0.06465591108756667 -124.30154066561091 0.06785632479873355 -0.1324358679287085 0.9888661054100559 11.139911066474692
-0.00848720959616741 0.9905066829098684 0.13720252893747265 -7.056027873192987 -0.9980117205458142 -0.016960198472222018 0.0607048042284837 -125.25289949969564 0.06245548624568869 -0.1364144997466251 0.9886810966407551 11.221819115088866
-0.0006061954463935697 0.9898097996149665 0.14239469328573523 -7.049534166624992 -0.9978757571684319 -0.009874888650531887 0.06439391093201702 -126.19976422343812 0.06514384532484233 -0.14205315851940853 0.9877130625485452 11.307062780850698
0.004492313008024224 0.9894579250509657 0.1447511286323989 -7.042855385335339 -0.9977838373483585 -0.005174721846957416 0.06633816484983139 -127.05415637118864 0.06638785912179195 -0.14472832947014583 0.9872417521398087 11.370331601643647
