1.0000000000000002 0.0 0.0 0.0 2.168404344971009e-19 1.0000000000000002 9.791700870259712e-19 8.673617379884035e-19 -8.673617379884035e-19 1.6601845766184287e-19 1.0000000000000002 0.0
0.9998809449290221 0.015407307935219453 -0.0008754385828401009 0.12674727194546526 -0.015406002474307833 0.999880279715732 0.0014823153525704465 -0.007077239191110234 0.0008981724407408163 -0.0014686495522774048 0.999998475355254 -0.0016741036498304912
0.9997806322844672 0.020943352894137904 -0.00034473337503836165 0.3016656202183344 -0.02094111601436368 0.9997652920685167 0.005562946222969108 -0.019090409907107267 0.0004611594302388185 -0.005554503949531225 0.9999844244666652 0.00904966361041568
0.999559685811411 0.029614902809386882 -0.0018567700076185857 0.49941001980703514 -0.029603674489321784 0.9995448878290258 0.005809957576753894 -0.03212273177749697 0.0020279862990422786 -0.005752429286262098 0.999981355419665 0.013801192975413495
0.9994125990645891 0.034267958252130644 -0.0004684344887629728 0.6804230162821094 -0.03426405710580978 0.9993903880588737 0.006703922854334442 -0.042812218943286975 0.0006978788361749104 -0.006683931507930286 0.9999773759354759 0.018374404953938273
0.9989944119995524 0.04483500670812046 -0.00020622761404050108 0.8518440389945022 -0.04483234393431219 0.9989683334945205 0.007241929852555013 -0.05528896666558101 0.0005307069905562387 -0.007225398725545397 0.9999737128152019 0.019199063224052782
0.9985144738031821 0.054478359757818576 -0.001004731968997583 1.0218497898502608 -0.05446762302346879 0.9984778198731911 0.008685459049807796 -0.06871696888988457 0.0014763721676849372 -0.008617827967686374 0.9999617331300307 0.028642980173882997
0.9976982007018114 0.06769697316293322 -0.003933917083864963 1.1701173302126402 -0.06763692673333976 0.9976147172484748 0.013792679462952893 -0.08769853221586965 0.0048582557866928295 -0.01349484954892268 0.9998970950775063 0.032568104095957805
0.9967150118149918 0.08087284330724127 -0.004338663471724131 1.3237031884124368 -0.08079358909495453 0.99660112181211 0.01608464794307465 -0.11331541025296075 0.005624727525018963 -0.01568126971508247 0.9998611776534104 0.040453027057655244
0.995684413197691 0.0927406073556858 -0.0034328741815230586 1.4746639780496276 -0.09264619154643083 0.9954668368434353 0.02150757709089297 -0.14056007231001313 0.005411937595991214 -0.021096711702578028 0.9997627488783867 0.04658183273240465
0.9938184063230305 0.11099258413080276 0.002382663257035796 1.6185438971174302 -0.11101627317115868 0.99344745775997 0.02715974405057044 -0.16739217668712864 0.0006474794251792463 -0.02725636229641009 0.99962822381265 0.05649096999068467
0.9921174240918087 0.1251519802081919 0.006328840816469266 1.7664529713858583 -0.12528689679880328 0.9916625673701184 0.030144019355165835 -0.19570830463349004 -0.002503490440422275 -0.03069932157008796 0.9995254866929726 0.06576692336026949
0.9900621456069946 0.14047499650202325 0.006616551708289846 1.919395413175277 -0.14061670045490998 0.9895318452337564 0.032462081832564015 -0.22486238530383568 -0.0019871775102874205 -0.03306986966382615 0.9994510239146452 0.06890524856362215
0.9870268933531452 0.16044259460052396 0.0060117549990414175 2.077859310052343 -0.16055498323367942 0.9863938942831497 0.03534541858866505 -0.2625053859753303 -0.0002590477460025231 -0.0358520891735714 0.9993570307724002 0.07949320979388194
0.9836464986737322 0.179938698369895 0.007854045997628272 2.2334248511798886 -0.1801086814852558 0.982872424004091 0.039022774394157966 -0.30582886684389377 -0.0006978179694409347 -0.03979919001062192 0.9992074118433332 0.08346254511127807
0.9805026004443828 0.19631339540459355 0.008703842209086435 2.3858767241810046 -0.19650624898023167 0.9795268999653596 0.04373170807805423 -0.345721786365041 5.947241685368974e-05 -0.04458940500284496 0.9990053532301999 0.0911520243744185
0.9775673918848409 0.21043864069318324 0.008810697438508425 2.5269275131944284 -0.2106137180408708 0.9762756330698733 0.05027788760947753 -0.3832050762161823 0.001978740722328918 -0.05100566850951654 0.9986963606237502 0.09822561608363257
0.9748515884169752 0.22270032698098693 0.008306653125032365 2.688097680563815 -0.22280834377547543 0.9732050510168104 0.056819772569496566 -0.4246572052003823 0.004569704408456876 -0.05724162767232581 0.9983498526173652 0.09945588191595456
0.9720667915130099 0.23456733506477376 0.008023323556379679 2.8541211578430183 -0.23459910859428412 0.9700378994718917 0.06316524178992593 -0.4707570888195782 0.007033573419854448 -0.06328308820663359 0.997970788124608 0.10182939457460037
0.969252343288524 0.24592007357632903 0.00855967315938291 3.0082706334968616 -0.245914907632182 0.9668282758563699 0.06905837490346257 -0.522948705664674 0.008707105268548173 -0.06903993192665833 0.9975758560006739 0.10199405795877989
0.96716958907378 0.2540007183347228 0.008165575238623286 3.1802099233766947 -0.25391652269382275 0.9645280698456485 0.07219499926142997 -0.5761045389529201 0.010461653579069601 -0.07189817086744334 0.9973570680495426 0.10996624156155885
0.9642461960144537 0.2648539627292669 0.009039217938352283 3.379926765258274 -0.2647397843127011 0.9611744079283184 0.07782493225929525 -0.6394414301441874 0.01192397497664892 -0.07743542341332355 0.9969260195117932 0.11467117253241531
0.9610612853500047 0.276171469201064 0.009517403185747206 3.554610800137214 -0.2759965884387085 0.9576083311220704 0.08253655718074458 -0.7001026628856755 0.013680295646037677 -0.08194944788593168 0.9965425489462557 0.12510241029295444
0.9578603097794676 0.2870922146094525 0.009041173734630242 3.7337931186239857 -0.28676671176236884 0.9540305371935176 0.08712464096166941 -0.7623138398427759 0.016387247881871528 -0.08604593006405664 0.9961563483632184 0.1338251707576805
0.9552321712179421 0.29576388707521506 0.007434899803806493 3.9314497574878957 -0.29515600169316075 0.9509375599942238 0.09274053909802371 -0.8286417329237243 0.02035917392157646 -0.0907831880370167 0.9956625086670376 0.142610814907812
0.9528506290864268 0.30342466343141433 0.0030344412683034547 4.172894281406375 -0.30228001864050297 0.9482876336843266 0.09683733818899956 -0.9118860091485997 0.02650530987835557 -0.09318875548484551 0.9952955534701791 0.1540502815162497
0.9491736291548806 0.3147280294068902 -0.003967969920027552 4.412855424279824 -0.3126620390613473 0.9442437609216351 0.10318083749427329 -1.0014060781185385 0.03622062748596502 -0.09669588188079861 0.9946546571196908 0.16763840285349504
0.9463398423910612 0.3230231047148976 -0.009850486601536118 4.670954433028107 -0.3202053308844987 0.9413346778027589 0.10657244660125594 -1.0918288355864716 0.04369796121950929 -0.09769955933592561 0.9942561031489302 0.19015836749586526
0.9425590514797877 0.33389356148724875 -0.009878240408145467 4.944536064384293 -0.330841750745856 0.9372093985816117 0.11037388780487592 -1.1973776431759289 0.046111103922337096 -0.10076575759525914 0.9938410046629134 0.21132724909613376
0.9391401080699207 0.3432498222010515 -0.01398114931047022 5.182365170223592 -0.33965095286207786 0.9338564501463266 0.11202444677585766 -1.2923203894407818 0.05150875086426962 -0.10045792535847173 0.9936070491774635 0.23270629919435099
0.9362434185826722 0.35095201843016555 -0.016762979541279567 5.405196320256354 -0.34690909805561854 0.9309148187410656 0.11424444787375566 -1.3834134732354226 0.05569921804410794 -0.101145367225705 0.9933111930085778 0.2565194670111846
0.9336249622070903 0.3578980378876424 -0.015921054696920588 5.622162265764832 -0.35387319749572965 0.9282295332907212 0.11473364613961944 -1.4753986677061064 0.055841332377136656 -0.10148414637544215 0.9932686585163483 0.27883000686896325
0.9303231138324556 0.3664000066316351 -0.015811216654615965 5.8265990359415385 -0.362115648472754 0.9245613406835895 0.11856939056929205 -1.5660575244928516 0.05806225722808563 -0.10458234014185569 0.9928198339951236 0.3024428998866387
0.9267668862720098 0.3752866462994418 -0.01622119544543417 6.047364994160012 -0.3708835219322293 0.9210336470739188 0.11892245394505987 -1.6684374099090002 0.059570267567273204 -0.10419720278209271 0.9927709909704368 0.3264267982027392
0.9217038149232654 0.3875311152875851 -0.016785940621152382 6.276950168667588 -0.38282946483215125 0.9157867115104127 0.12155828154727319 -1.7802457541866028 0.06247994923596153 -0.10561456352621487 0.9924423077805131 0.3550003574261586
0.9171032064521476 0.39831078152028593 -0.016440365037491866 6.52869360944136 -0.3933277220477326 0.9108058643041294 0.1254037342083667 -1.8952827766188565 0.0649236313820544 -0.10854169939773263 0.9919695236941967 0.38640935723341624
0.9114954411683083 0.41105177746304317 -0.014579181614243654 6.789032205640997 -0.40611097354026043 0.9050260011534577 0.12649873652261057 -2.0226039040904085 0.06519205998394569 -0.10938223989917704 0.9918595844512269 0.4177587965763634
0.9073116720527489 0.42024092541262836 -0.013533289617095266 7.051117364027701 -0.415205002045417 0.9005826032907029 0.12866972006676297 -2.1461512220628274 0.06626011832299586 -0.1111244329796785 0.9915951146878648 0.4489833552842178
0.9027741343452743 0.42994134536807577 -0.012221189095465934 7.33062285818943 -0.42486990931432295 0.895828928229185 0.1302927758643676 -2.2823571130290867 0.0669663368582823 -0.11243251594493552 0.9914001984285393 0.48718463936051726
0.8987071088477315 0.438410093099112 -0.011053431053618938 7.605945941301662 -0.43313442299070853 0.8912768959935342 0.13423927228680332 -2.4173976229175733 0.06870351012050518 -0.11585414988144481 0.9908872579715825 0.5201968091971502
0.893298374457532 0.4493454754495836 -0.010330220094264247 7.897988894171502 -0.443963573796586 0.8857176571847097 0.13564915343800027 -2.5629959905308173 0.07010298202151778 -0.11658890981754583 0.9907030394509342 0.5604048560022242
0.8875014429438476 0.4607045399162225 -0.009621394693465285 8.177300081015622 -0.4552393512541839 0.8798263171758259 0.13661222716121169 -2.704670213051111 0.0714030196630353 -0.11686349421043012 0.9905778348327814 0.5980994215733394
0.8832395335441964 0.46883275643523237 -0.009155787276343275 8.455587656886383 -0.4632008951905729 0.8753376482100765 0.13866884385527353 -2.853363439699105 0.07302689151384455 -0.11823681889107435 0.9902964415428426 0.6357601254501716
0.8780796777368381 0.47837350309271104 -0.011615793001578376 8.725123304092568 -0.47204113158429445 0.8699250652643851 0.14285540540290445 -3.0069022371172585 0.07844309940203203 -0.11995527884367699 0.9896753637389438 0.6769514956117058
0.8727494993410436 0.4879930674887908 -0.013081782963934762 8.999110793047118 -0.4810395010202705 0.864258573794233 0.1471673605687809 -3.159287001371918 0.08312268338153676 -0.12214736821061829 0.989025052415127 0.7187543005651373
0.8664900930027316 0.4989260758707532 -0.016362918657938014 9.26769266544977 -0.491298199154151 0.8581329542123718 0.1491107921583464 -3.318747420711604 0.08843680999824419 -0.1211639341356239 0.9886850590861505 0.7618883198727366
0.8581600665664149 0.5131018335965731 -0.016966557495208225 9.524724363941337 -0.50501822369994 0.8496590233619038 0.15177698668146955 -3.4780912188927204 0.09229282617687695 -0.1216805106524148 0.9882690938816839 0.8113041382436333
0.8494437878928053 0.5273300060368983 -0.019193006698394594 9.766052549854257 -0.5185554594961541 0.8409387977047029 0.15466832215148335 -3.62782921888388 0.09770137784588981 -0.12142938946106802 0.9877799646177275 0.8566945734165831
0.8394742307920031 0.5429825252241313 -0.02128494068765955 10.003609582383264 -0.5333079338122146 0.830765716427716 0.15940855710012664 -3.779184949186808 0.10423884561576777 -0.12246793043009128 0.9869831728246105 0.8987378705678613
0.8320088509071059 0.554357101414272 -0.021202162306724292 10.2448417137481 -0.5441971539561122 0.8229905563797595 0.1628991027331191 -3.939644983317737 0.10775343902969627 -0.12399532102641406 0.9864148575010935 0.948396309916502
0.8218984927543934 0.5691787087114721 -0.022771050047681787 10.4768685490711 -0.5580352375681914 0.8125453644487208 0.1684245239879314 -4.104649051539275 0.114366148618158 -0.1257207960136819 0.985451459919771 0.9972971965525064
0.8114058927456929 0.5838670922705389 -0.02682818189493106 10.710149982828833 -0.5712660114497444 0.8019275756426515 0.174835418384415 -4.271923149193558 0.12359488938539887 -0.12653644211324594 0.9842320592691566 1.0449701652671155
0.8036035309845423 0.5944169548525725 -0.029831264399064143 10.95452240900615 -0.5806699664618676 0.7940411510500937 0.17978085666630156 -4.451581442489354 0.13055202312561293 -0.12715039369774658 0.9832542199240185 1.0957884693684
0.7938632783263851 0.6071452308833439 -0.033997345531256606 11.1563874445147 -0.5922728713023369 0.7846675043951089 0.18305701134097738 -4.617229736665454 0.1378187849719766 -0.12518651573296397 0.9825142406833406 1.1482856731702784
0.7825560600247375 0.6213663003342993 -0.038858580649596186 11.380494085862267 -0.6047649254954566 0.7735053082506983 0.18960231784954615 -4.803155174579494 0.14786978914058513 -0.12487411829934403 0.9810916850104038 1.2046023989654697
0.7731784947631803 0.6328710800989026 -0.04085666130348393 11.600966105860534 -0.6154406063855935 0.7643117465000566 0.19251111684580643 -4.997003073428901 0.15306192387309592 -0.1237005894100101 0.9804438413279751 1.2561850856670935
0.7631984177613282 0.6448327781694444 -0.04145984668999347 11.796446837840367 -0.6261322272023143 0.7538668304195376 0.19910638359259972 -5.172218902680687 0.15964550409160508 -0.12599831276892423 0.9791004302730106 1.3126303448683034
0.7529495227112775 0.6566337026722673 -0.043580412187638945 12.001129299583726 -0.6368641824955515 0.7437566413332014 0.20305217916211168 -5.356283783537923 0.16574410281975402 -0.12513321992607332 0.9781975690061189 1.3718989596638946
0.7419807051094857 0.6686592602913103 -0.04857450395613608 12.211083514904551 -0.6465157930052179 0.7328184316606692 0.21211928613090575 -5.546902890675563 0.17743179282319615 -0.12598421557674774 0.9760357835034178 1.4298811035103707
0.7343000822946253 0.6767168023610941 -0.05345852698081723 12.397365361724413 -0.652490687622476 0.7253437334886618 0.2193911729995792 -5.7195719091685575 0.18724147538675268 -0.12621774737357008 0.9741712500895345 1.4857105632828727
0.7290283354665732 0.6818395531135489 -0.06010462094905709 12.60632348945248 -0.6550001764371408 0.7204255414203907 0.22795158273612562 -5.914706767138485 0.1987272826908112 -0.12681460754905896 0.9718155363980231 1.5496843221692522
0.7274740300057053 0.6830840693182394 -0.06463548153738288 12.815121378881773 -0.6540843165142463 0.7188632500857604 0.23539212072982027 -6.105606511457464 0.20725665224460654 -0.12896458160774052 0.9697487979622205 1.6120094698930556
0.7238359619685638 0.6866231262749881 -0.06789873480472239 13.00742453232747 -0.6566637515238041 0.7157555338235081 0.23766962189384228 -6.293923465179102 0.21178832559435987 -0.1274471633469576 0.9689699892436422 1.6745941025568991
0.7232858547415095 0.687281917476356 -0.06709093682118296 13.22833790730556 -0.6576492843430656 0.7151989816390374 0.23661773264273936 -6.502262647610102 0.21060643045393707 -0.12701993434435238 0.9692836437744528 1.7447197689283502
0.7223343795503795 0.688459656293638 -0.06524110160237083 13.454815967834946 -0.6586278518223416 0.7136438121518163 0.23858327291904688 -6.713225593273191 0.21081383826131594 -0.12936727544651108 0.9689280406713139 1.8161632450682414
0.7223546281888376 0.6885837286790131 -0.06368905161289966 13.677301512389104 -0.6588671872497978 0.7132857799637666 0.2389927647492173 -6.924245534614141 0.20999499577151734 -0.13067488488836948 0.9689303847895394 1.8897155682720674
0.7225906089494193 0.6883779191829152 -0.06323533665747616 13.888007780575567 -0.6591112260561091 0.7136588147975279 0.23719950186299749 -7.1226404459154855 0.20841132697747822 -0.1297189938044018 0.9694006477158623 1.9589075057135852
0.7249267174498123 0.6860204974864692 -0.06210625506770367 14.113142144713478 -0.6567688367302412 0.7155597010639324 0.237968748470792 -7.323888492292575 0.20769214466230962 -0.13172043211459294 0.9692851052023796 2.0286932121855337
0.7255744208675732 0.6849997629782406 -0.06570494703686416 14.349148340348696 -0.6548237367603396 0.7166386816648914 0.24007288404208735 -7.539828053186148 0.21153654693945056 -0.1311655662564176 0.968528676857655 2.1026836735228667
0.726822674755743 0.6837947013326562 -0.06444890575462212 14.568415355273153 -0.6528927673770948 0.7169954293376848 0.24423084275128196 -7.735045262090177 0.2132132984658934 -0.13543427079847417 0.9675730267058152 2.17229675344653
0.7291832202206496 0.6814402564496789 -0.06269819615520754 14.774621398275409 -0.6505067759067932 0.7186828496332124 0.2456338984706473 -7.918795589516847 0.21244491658955447 -0.13832649611611464 0.9673328549395853 2.239043252695462
0.7320161720113623 0.6783313688627424 -0.06339505890294017 14.986539093772103 -0.6465371726136225 0.7210033886517974 0.24928681055535556 -8.10508768673538 0.21480708698517073 -0.14149469471365705 0.9663524621518317 2.310498209095026
0.7376508026205851 0.6719463368696417 -0.06602627752155976 15.193890882314227 -0.6396510893227839 0.7267877408383394 0.2502522320194814 -8.287513044533869 0.2161431307683881 -0.14236495940287153 0.9659266430293406 2.3774946075909034
0.7404673713852272 0.6686143416058065 -0.06828608698383302 15.396420080858663 -0.6352856135900397 0.7294559661478057 0.2535868658908657 -8.461400062820529 0.21936347962246405 -0.14439161100639977 0.9648992905153233 2.4486896207364452
0.7441817954859093 0.6643121930716304 -0.0698771848775182 15.629511353174712 -0.6298145581158645 0.7326681512647382 0.25793626818088783 -8.657789895331804 0.22254696614097835 -0.14794178606947217 0.9636316672640506 2.5177718679440715
0.7501431475146791 0.6576124405049434 -0.06950677587530636 15.864091794908926 -0.6230322934759485 0.7380723215040159 0.2589983116764006 -8.849055892407087 0.22162150968725378 -0.15098082154589776 0.9633735580382831 2.5861809255347636
0.7536777754711778 0.6534588459575315 -0.07043722711283854 16.097808785139613 -0.6181589351670396 0.7411817511875768 0.26178093611858466 -9.036155942436002 0.22326982597811082 -0.15375705073392698 0.9625535146241904 2.6586719931065494
0.7584080497845428 0.6478632609147972 -0.0713476050160728 16.337185838253895 -0.6119196897420739 0.7454416253007846 0.26433159574735365 -9.22171862301437 0.22443617432108923 -0.15681218374939726 0.9617890917669693 2.73021117991756
0.7608960481846664 0.6449178094485936 -0.07154214475163015 16.57513752583594 -0.6082260169410121 0.7472924124791364 0.2676103109049385 -9.406820321477875 0.22604952733415618 -0.16010981189587783 0.9608675109944886 2.801729526296247
0.7634281366948663 0.6416364789245285 -0.07402813369669363 16.828183088099113 -0.6037593348068948 0.7496425671822903 0.27112875730422803 -9.60794046091637 0.22946071082579833 -0.1622921225714935 0.9596921191177049 2.8832234295932753
0.7656477220207706 0.6389959283788034 -0.07394474181707435 17.090431637338682 -0.6008110581320948 0.7514484089022085 0.2726746726778735 -9.81332248467565 0.22980363362701975 -0.16434590048316963 0.9592604595855428 2.9680223828826056
0.7677263104520072 0.6363614955490455 -0.07510269492507049 17.339904570906143 -0.5976333582246348 0.7533790707909153 0.2743254650352679 -10.00358016132332 0.23115093097647568 -0.16572297824349516 0.9586996693171886 3.049662493316496
0.7703896625576515 0.6331746695056522 -0.07476403736686554 17.569533665111223 -0.5940476477561206 0.7554284243561559 0.27646953504075167 -10.178096124351779 0.23153235464669633 -0.16857584779160176 0.9581100493425437 3.1259860349375184
0.7725103576819756 0.6304078953548383 -0.07624754626233796 17.831940457219208 -0.590746044501328 0.7575125621512321 0.27783798340861265 -10.37989646530526 0.2329097015501198 -0.16958975996796163 0.9575971483854344 3.212312797130407
0.7742772227415384 0.6282100075693113 -0.07646583744453539 18.09096325453545 -0.5879982380441852 0.7588111856925911 0.2801138562445485 -10.574296595959911 0.23399342944792303 -0.17192397705908485 0.9569164725541408 3.298173794740613
0.7795566738946276 0.621688329766623 -0.07612534650830875 18.333822860956715 -0.581234985853207 0.7633486794642317 0.28189501718882776 -10.758975361889028 0.2333609941539006 -0.17550640290086045 0.9564204427480504 3.3760998737532697
0.7820941525617852 0.6184083814985322 -0.07681058380006667 18.576310399408616 -0.5769911860471602 0.7651880345941776 0.28560209886001253 -10.938903976329145 0.23539324012851628 -0.17904867678624414 0.9552651507309196 3.4524991182733125
0.7837365190366438 0.6162998283896698 -0.07701717871920527 18.82626073772993 -0.5741457803090999 0.7661973449917997 0.28861456549561915 -11.121331461318293 0.23688343362000402 -0.18197866150993336 0.9543426638212937 3.532218197195103
0.7871909225080794 0.6118417482028993 -0.07733163802465819 19.074591798108216 -0.5696184606826754 0.7694015979334942 0.2890607311316054 -11.296447555466182 0.23635847759845305 -0.18349642956425305 0.9541821863578177 3.6118676107967222
0.7895607015792909 0.6088734630879276 -0.0765967364292354 19.32604173325204 -0.566422845006837 0.7710974562073797 0.2908160752439967 -11.480955412851001 0.23613370816536372 -0.18623077725709247 0.9537079656940936 3.6924017901979025
0.7907417124937769 0.607423291030076 -0.07592460206861976 19.572308836951397 -0.5647356629647654 0.7717235151453086 0.2924321512470349 -11.657928314866194 0.23622286919592236 -0.1883609435294223 0.95326744693167 3.7701262432684657
0.7941771896747404 0.6028624697359645 -0.07641655283289306 19.80619748993773 -0.5600574933507386 0.7749235843666306 0.2929661387763332 -11.82646093017391 0.23583524774682918 -0.18986933548257565 0.9530641561414788 3.8488078212359365
0.7967310688925777 0.5991861413987206 -0.07871230767599524 20.057632025593307 -0.5560298938357912 0.7778287415953855 0.29293910944862006 -12.00730065657091 0.23674971852369317 -0.18962726748636277 0.9528856093795729 3.928651750576676
0.8008593729050942 0.5938208784172467 -0.07746666862920133 20.321975642234413 -0.5508179832253924 0.7811945052680712 0.29382785815837387 -12.18697312136545 0.23499762158798726 -0.19264473342746277 0.9527140383602644 4.01795078150685
0.8031191307425422 0.5909320075613279 -0.07615168965663055 20.593149133996363 -0.5477560952876276 0.7825697872443251 0.29588495078843696 -12.367801813933198 0.23444186850653007 -0.19591828526050625 0.9521832544997954 4.10215889875358
0.8051265657419995 0.5881966757528451 -0.07613106680241723 20.859192145442904 -0.5448824793179645 0.7842465946940236 0.29674985826212064 -12.546438100962117 0.23425277903823213 -0.1974386825958066 0.9519157087083762 4.187448656845468
0.808477920236695 0.5833297698099439 -0.07803773257792634 21.101307761063318 -0.5396114705488989 0.7876627837832127 0.2973330049462846 -12.706196205898651 0.23491057993047285 -0.19827708646978812 0.9515792824435879 4.26700645308938
0.810356434723219 0.5804029953239456 -0.08034218869525048 21.34266186744503 -0.5354639569950007 0.7892307896203434 0.3006546647067993 -12.862106149466845 0.2379093655173716 -0.20061706824684822 0.950343011804282 4.34372516984404
0.8111947083351828 0.5788522879072466 -0.08302547510385937 21.581160987711222 -0.5327683611063478 0.7900960522023524 0.30316038269168094 -13.01403813181327 0.24108314937328454 -0.20168872412062674 0.9493157999364199 4.418136789850544
0.8139709008558558 0.5749115899039813 -0.08323516033900988 21.833152735709277 -0.5289808555570956 0.7927787834434024 0.3027889874343759 -13.17258961797894 0.24006393560214867 -0.20243159064813562 0.9494159637845497 4.495007043831805
0.8149628734240258 0.5735404258116545 -0.08298765247263523 22.07734218471684 -0.5274526443814381 0.7934267705120953 0.3037561253789422 -13.327787067919271 0.24006101086797704 -0.20377787994275667 0.9491286535897822 4.572270313699344
0.8175051218695928 0.5702071580900784 -0.08092730158911873 22.35632305684497 -0.5245040519289482 0.7951694078616954 0.30430449922150105 -13.499796005457702 0.2378674867501779 -0.20632376072791744 0.9491309071273125 4.663756249542145
0.8190313282491352 0.5681181114331925 -0.08018447711819167 22.624228392046525 -0.5221028964048937 0.7959402155271528 0.306411251111416 -13.665459139822753 0.2378997998747148 -0.209095837482328 0.9485159620824558 4.747483434441275
0.8209153811417331 0.5653420885449619 -0.08053766502215684 22.85609036432458 -0.5188932075044004 0.7973668585269057 0.3081493924449336 -13.809926620554474 0.23842785457204554 -0.2111740995941237 0.9479227669925725 4.818409646819657
0.8219028769927602 0.5639095031086598 -0.08050955631132106 23.0940956682137 -0.5162540237663074 0.7971474313042529 0.3131099992743459 -13.956377225206065 0.24074365833789454 -0.2157825972047016 0.9462981961684979 4.895827819037435
0.8216528346651011 0.5640843549337312 -0.08182612888605927 23.349257326599858 -0.5153512751752753 0.7965291594346746 0.3161557800846936 -14.114479394306677 0.2435153947942526 -0.21760106318898703 0.9451719124875083 4.978111952677153
0.8219902988800678 0.5634535446066583 -0.0827774557468817 23.606883085680934 -0.5136412291195646 0.7962705056821986 0.3195717219414314 -14.273318973721008 0.24597703358305265 -0.22016691094062793 0.9439394814470978 5.0597630130439555
0.8231217353267484 0.5617190064495734 -0.08332119891518693 23.838776424904257 -0.51220565328557 0.7977599337793644 0.31815809393145983 -14.413034038929304 0.2451857302036605 -0.21920522320486407 0.9443690709581058 5.136374836176536
0.8250514535221822 0.5593729041235121 -0.07995066438773342 24.085776070097964 -0.5110272069002902 0.7990318913133063 0.3168585589934755 -14.558459346494743 0.241125191100841 -0.2205676197121669 0.9450970752833617 5.223612321761205
0.8264553367814828 0.5581092501822313 -0.07406548946109108 24.34347635628862 -0.5118605528765398 0.7996365996404063 0.3139748379407253 -14.717782488987842 0.23445770656126583 -0.22157494768174557 0.9465379235677436 5.313815120585603
0.8300849560535765 0.5531060159244275 -0.07094192303861314 24.587081395122443 -0.5069462947650026 0.801493714003798 0.3171961484190601 -14.860501484284075 0.23230257262082568 -0.22733597478501905 0.9457027988117428 5.393918142251883
0.8328386659664191 0.5485280147616591 -0.07414060328582658 24.825408931571264 -0.5019052859015475 0.8048563927176209 0.3166976271163365 -14.99156741501879 0.2333900283955571 -0.2265464375812295 0.9456245135479767 5.477879913622606
0.8348180807192699 0.5452173191566554 -0.07626862106071025 25.06022137728612 -0.49675239537761984 0.805730158015447 0.3225462541814013 -15.127438057881944 0.2373097008144549 -0.23138079302053582 0.9434759927409994 5.551719378132264
0.8370258506562385 0.5413848559010906 -0.07931089897885113 25.299205154135294 -0.4919260714919661 0.8080450063540361 0.3241483052990414 -15.27151304059868 0.23957572785060655 -0.23230538026369174 0.9426757636024521 5.624693617499783
0.8414593002218417 0.5343419550165817 -0.08015595262925769 25.545041916377034 -0.4847503429083831 0.8120934390069597 0.32484067988401377 -15.41541821050514 0.23867009574519815 -0.23448455361228043 0.9423659023289733 5.69946103578878
0.8447441653373448 0.5296054135848395 -0.07697698742365566 25.80207622636479 -0.4809590546818741 0.814360224328417 0.32480136804937 -15.55142717007509 0.23470352868373623 -0.2373512490345847 0.9426444465243498 5.784478106392835
0.8490568508070144 0.5228946157636989 -0.07539058605480388 26.05758935540733 -0.4741428424338318 0.8171557994616931 0.3277881637740168 -15.679548938335898 0.23300448988087613 -0.24256484621177402 0.9417383487124669 5.86404444406215
0.8531542090796276 0.5164409967403536 -0.07359788025631604 26.29767711736256 -0.4683579548181166 0.8204478994668831 0.32788136018143 -15.805293682261562 0.2297145724756474 -0.24526317640070436 0.9418477073562586 5.939326037724506
0.8555230436323579 0.5128349148760303 -0.07127922180270646 26.548577268334906 -0.46541052693763324 0.8220178020760365 0.3281461418654361 -15.93944515423044 0.22687755809164145 -0.24756245212721614 0.9419338194847908 6.0175632901240075
0.8586719532158957 0.507428198416224 -0.07210517162549206 26.79198943658142 -0.46030836620325066 0.8253858569164392 0.3268860828194798 -16.06575313314198 0.2253857752875113 -0.24749726373214012 0.9423090104107165 6.093662085238636
0.8621338698960203 0.5015102193509742 -0.07219934783173251 27.019226523066237 -0.45397600541591715 0.8278537209456499 0.329490696619045 -16.181381317834603 0.2250134206751702 -0.2512882836220851 0.9413942178430873 6.168836900522757
0.8655315895285155 0.4953560304781994 -0.07401031117216235 27.271299657152504 -0.4472150694508674 0.8308848185751722 0.3311030290601604 -16.300654125302817 0.22550789646468758 -0.25348157007624456 0.9406876190435518 6.24794442571259
0.8680574470383674 0.49039788184721717 -0.07737080640443611 27.510763237568497 -0.4418082565236042 0.8341406141664679 0.3301742209819159 -16.415031360505008 0.22645484081253944 -0.25242709587739065 0.940743684909735 6.3185859097004995
0.8705820533129337 0.4854048865434423 -0.08043034335287885 27.742737546078956 -0.4362739055568846 0.837136726138293 0.3299504463037706 -16.527539747437796 0.22749072337872178 -0.2521592426618358 0.9405655753188653 6.390362330868073
0.8746495757842966 0.4774169057789005 -0.08403138234926477 27.990233435251607 -0.4265269763307893 0.8403099051313918 0.3345954538478371 -16.64570304967716 0.23035389895663722 -0.2568120853817075 0.9386077713270048 6.468231218825406
0.8773552530285723 0.47245878894517945 -0.08384812636131 28.258889337680802 -0.42167562104379164 0.8425318269330718 0.3351565412722947 -16.76913606465985 0.22899233863384075 -0.258694606114905 0.9384239574798438 6.549448131743832
0.8814823144241368 0.4643025513324448 -0.08609370329081878 28.500287660097626 -0.41310572209690394 0.8465382926911583 0.3357330745008435 -16.872145095289948 0.22876330965082373 -0.26037693065117407 0.9380144543131241 6.6236283004551275
0.8869422774136101 0.4543792834406635 -0.08290306917711841 28.745783510089932 -0.4043062122665756 0.8505571043265265 0.3362873993146093 -16.97466392496107 0.22331579270871613 -0.26474924993926574 0.938103302276219 6.697627355918861
0.892048093126278 0.4442374583705789 -0.08308631471486451 28.99829355892541 -0.39449687537191386 0.8550914122213832 0.3364387135905909 -17.078833120949454 0.22050504431154083 -0.2673421850414082 0.9380328330546452 6.771691811851963
0.896694870312387 0.43433033231933466 -0.08541386038287589 29.210988903467765 -0.38428794587702775 0.8596047221037605 0.33675304352891217 -17.165768513446057 0.21968419025517225 -0.26914117317109265 0.9377109361706784 6.828177581207508
0.900622599247107 0.42573632522109356 -0.08733596438639633 29.45521120856949 -0.3753389130420593 0.8632492634870341 0.3375226294353502 -17.261696472448495 0.2190883221955979 -0.27119988504748266 0.9372570852150561 6.895055490607304
0.9044598931229496 0.41659967445393875 -0.09163552007585582 29.699689974935577 -0.36502410400810603 0.8670647047618977 0.3390520862414752 -17.353183836992155 0.22070288505528193 -0.27320980297350206 0.9362940534071165 6.961448121253127
0.9080418561717478 0.407158303772387 -0.09839796071076469 29.967287374155152 -0.35313335327518847 0.8704414159608819 0.34297039539891777 -17.452602746804583 0.22529287526363262 -0.2766838350774385 0.9341782967508713 7.031011344074654
0.9125182620210449 0.3959880002474389 -0.10248892965000404 30.261291971238645 -0.3406459897157462 0.8744090011739013 0.34549866033328414 -17.54965529573065 0.22643053666197682 -0.28036135615346913 0.9328057870751176 7.10289884091736
0.9176777706978195 0.38434851082725613 -0.10071636885148538 30.54451729122901 -0.3298587699304198 0.8782817007615951 0.3461424012494922 -17.63785588776747 0.221496631304519 -0.2844249710255976 0.9327602009819624 7.1805438943431845
0.9226229079389654 0.3729322572798324 -0.09843046677271168 30.83063342120663 -0.3188127741238452 0.8809979917646825 0.34957269558349163 -17.722443875535575 0.21708394971562647 -0.2911428473436032 0.9317243774714686 7.253492099476171
0.9260006300081264 0.36419206641535934 -0.09943353331417516 31.106013133666814 -0.30949777057741995 0.8831652877116407 0.3524632186828518 -17.806687145996758 0.21618052485517844 -0.29560666567638166 0.9305281265169283 7.323404239817793
0.9291701401372652 0.35494077225831566 -0.10324705530252624 31.354773618981174 -0.29879963226946826 0.8856194743113163 0.35552361723468207 -17.874882822469946 0.2176274017863166 -0.2994917065917987 0.9289472245679741 7.386498501601417
0.9319008012314495 0.3461571935292608 -0.10833351095024034 31.621808403760035 -0.28816589737759474 0.8879609924466901 0.35844916992107717 -17.948428477987903 0.22027566195208662 -0.3028210043220395 0.9272421401397989 7.456896414366574
0.9339295236853384 0.3392052383137001 -0.112763055351033 31.89176067998324 -0.2788095040638805 0.8886668750496007 0.3640557121769756 -18.021946333677548 0.22369836757944858 -0.3085629246626231 0.9245257574692072 7.526255994503196
0.9368345829759495 0.3314950447076247 -0.11158877648422379 32.131017010780226 -0.2711149749165612 0.8897806667203982 0.3671336969580029 -18.079700667703015 0.22099250854171368 -0.31369011322292134 0.9234504525921812 7.585912690115965
0.9404731214306822 0.32098227318673606 -0.11171724902172675 32.38644574280855 -0.2611278288502321 0.8928265839322891 0.3669782881305352 -18.143399056772243 0.21753762672755067 -0.31596069083261724 0.9234966903916835 7.651966892991566
0.9435350282860728 0.31278271216041265 -0.10912690288583352 32.63485084990499 -0.25444331145143245 0.8952026917499689 0.3658836671357368 -18.203575384373718 0.21213275544057628 -0.31745740286617957 0.9242404480397522 7.710971789560681
0.9459206714130505 0.3063328976923955 -0.10674406188421894 32.89876268942862 -0.24846600744015407 0.8957177347369151 0.3687200818506824 -18.26632065848177 0.20856361338350854 -0.3222576330817529 0.9233911151029307 7.7754768763773665
0.9490457396176896 0.29782399707900004 -0.10301993224652217 33.15828256597442 -0.24192236547678797 0.8980202822940198 0.36746871649997603 -18.325319442476584 0.2019549644172729 -0.32382175050192485 0.9243124907774212 7.838336972072886
0.9516884668715568 0.28919107441531006 -0.10323584680169072 33.40848392975345 -0.23331058973172106 0.8995893312917794 0.36919550333190787 -18.378245638144932 0.1996378848143839 -0.3272730421639827 0.9236000136301665 7.896319023072104
0.9535640822242074 0.28222764006894824 -0.10518153752296705 33.64978039398237 -0.22531067828470844 0.9001697080961885 0.37273276058372273 -18.427700546987747 0.1998766954588103 -0.3317260045480202 0.921958284781446 7.952778816671308
0.9550205055372896 0.27615937282231257 -0.10803652330746741 33.89817407649991 -0.218211885691942 0.9011582836569961 0.3745629942674517 -18.47839237370107 0.20079706352629254 -0.3341404417052244 0.9208857794831716 8.01369081282419
0.9575574698002854 0.2673257886124536 -0.10779921305410002 34.12758254136168 -0.20952083669154006 0.9023679674154382 0.3766074698012015 -18.522696776230188 0.1979514200505967 -0.3380370691151409 0.9200793930754405 8.071886821650738
0.9605022768990131 0.2562429357628622 -0.10851262371779347 34.364857694889054 -0.19841106803524816 0.9040483087607507 0.37858924898020274 -18.55941432034413 0.19511144936389563 -0.3421056841029511 0.9191817761409574 8.1280410987937
0.9633738777223035 0.24615697909383996 -0.10638406331949057 34.617516155002235 -0.18929810965921876 0.9052451793459191 0.3803912550071001 -18.596985593558355 0.189939598176353 -0.34632064977754984 0.9186864921943364 8.18442041850163
0.9655995121347356 0.23817734564674492 -0.10435128053124272 34.868207649120485 -0.18183269768678134 0.9053302821106046 0.38381514597646615 -18.63285454263532 0.1858884229579499 -0.3516371956515469 0.9174947908313132 8.238574292768433
0.9673661065955449 0.23048789439425005 -0.10525303753602716 35.11382872602905 -0.17368712848334641 0.90563286592287 0.3868617446775962 -18.666030130590283 0.18448753520952854 -0.3559557941251715 0.9161112030420241 8.28971842475864
0.9686787506995518 0.22381576494486063 -0.10755480866972267 35.38795655089386 -0.16654807837386032 0.9068585611109419 0.38712969876415015 -18.705918401433234 0.1841827049735801 -0.3570912183467543 0.9157305866499813 8.35451748767034
0.9702038415570109 0.21666495496030425 -0.10844749274531892 35.67309924915557 -0.15917906793400385 0.9074335294079517 0.38887855427285345 -18.749505737132576 0.18266522203612978 -0.36002884815610525 0.9148839049365513 8.415068988950953
0.9716475953020357 0.2096091609057413 -0.1093846688107642 35.94102415963919 -0.1519183975897452 0.9079915281411799 0.39047701754784997 -18.786075436025484 0.18116788929050753 -0.36278846287719313 0.914091155985714 8.471689834721927
0.9722119244790215 0.20625376593096384 -0.11074029755590561 36.2352302866392 -0.1482905687530857 0.9086149222332356 0.39042149819065086 -18.825651960127253 0.18114616786536808 -0.3631506457213964 0.9139516336972638 8.536323474312205
0.9735732725209684 0.19999760775619704 -0.11025468465007913 36.491139412249865 -0.14260928775989198 0.9094884116370876 0.39050420750347725 -18.857540832226604 0.17837524241741395 -0.36446106832985875 0.9139750089157032 8.595176415458695
0.9751534532535748 0.1914530149232414 -0.1114519683411057 36.77414299871119 -0.13410531654411456 0.9106125727176347 0.3908972018557157 -18.889121989516998 0.17632798880767678 -0.3662384056824213 0.9136617453545436 8.653128665999255
0.9764645023640803 0.18347192852872896 -0.11338069777301413 37.07420419753787 -0.1259434469075995 0.9118084308770366 0.3908244484395058 -18.92236565983529 0.17508676893864836 -0.367346595443961 0.9134555361463567 8.71401888856465
0.9776018583891746 0.17622766185123298 -0.11505856437118199 37.361343919510574 -0.1183926270755433 0.9124698157522079 0.3916403160180758 -18.951524319986436 0.17400530190557514 -0.369246165589757 0.9128961268753878 8.770623058677991
0.978666245550528 0.16855059749704168 -0.11748672889352874 37.643742473586634 -0.11067155226046951 0.9142559529586123 0.38972807948036375 -18.981370943362656 0.17310181976975839 -0.3684112283138742 0.9134050805654265 8.82945385864287
0.9800188199572618 0.1603556825408062 -0.11768272247499138 37.91284503244035 -0.10269388959832518 0.9146151634627967 0.3910667254300005 -19.00665194309134 0.17034415232787226 -0.37116740455838093 0.9128075054025172 8.88214803926259
0.9808196329112966 0.1539756896254605 -0.11951732201982644 38.214989666641955 -0.09684102069396554 0.9170811779135092 0.38676096721770675 -19.03395930785781 0.16915885147096818 -0.3677685211571153 0.9144022704329884 8.94053343332543
0.9822291241374475 0.14457022977691 -0.11968897994849652 38.47857679621903 -0.08824308278801242 0.9185492733267135 0.3853316840677514 -19.052028046992046 0.16564769449742656 -0.36792222867928176 0.9149830541105284 8.990638838670566
0.9831396359781903 0.13760827483732263 -0.12041791572537876 38.76406307316932 -0.08139740825804753 0.9190373679878854 0.38567459613802385 -19.068014443905355 0.16374055924450764 -0.3693702263217619 0.9147429035108053 9.040297567637564
0.9839511303972701 0.12987892575400706 -0.12235887053089586 39.02363067020841 -0.07354226141400504 0.919943734847546 0.3850911274442936 -19.08285217516431 0.16257847755864785 -0.3699122525592375 0.9147311508849665 9.085472571074238
0.9851280290628097 0.11956893046434135 -0.12339405490182365 39.281283414131025 -0.06328148003033644 0.9201519296349138 0.3864142810634334 -19.094298075332386 0.15974439967367404 -0.37285893075603416 0.9140338390270005 9.127916266078707
0.9861272004481306 0.11043220319556381 -0.12392711001384142 39.53785417152384 -0.05477040816140949 0.9212468687557818 0.38510326554439306 -19.10715038368685 0.15669524418386363 -0.3729732167943783 0.9145148956481163 9.171044349157173
0.9867718325250326 0.10235270444650904 -0.12571925067526865 39.80237831949073 -0.04638959482607116 0.921338622118531 0.38598350330040676 -19.116568427157464 0.1553364368759297 -0.37504553356887765 0.9138989842902759 9.215638483922916
