1.0000000000000002 0.0 0.0 0.0 2.168404344971009e-19 1.0000000000000002 9.791700870259712e-19 8.673617379884035e-19 -8.673617379884035e-19 1.6601845766184287e-19 1.0000000000000002 0.0
0.9998809449290221 0.015407307935219453 -0.0008754385828401009 0.12674727194546526 -0.015406002474307833 0.999880279715732 0.0014823153525704465 -0.007077239191110234 0.0008981724407408163 -0.0014686495522774048 0.999998475355254 -0.0016741036498304912
0.9988284474102023 0.048391404634719186 -0.0002452840818728589 0.4746565920405114 -0.04839036132876294 0.9988232948281659 0.003242618468462964 -0.037583121530902874 0.00040191048728755244 -0.003226947636353726 0.9999946698032873 0.0015168101741745263
0.9965486358203085 0.08294396565263858 -0.0033422401429645462 0.8146480607671589 -0.08293065245269922 0.9965475741955107 0.003944006118954172 -0.08262466419841716 0.003657832492393466 -0.003653217151905779 0.9999865942221285 0.0072937574429869
0.9929094697652637 0.11887084174429474 -0.0007505971907768166 1.2051355844975822 -0.11886049124105705 0.9928758005523831 0.008363266996368687 -0.14590262658215358 0.0017393982210335097 -0.00821474744779756 0.999964702765188 0.01250394004896015
0.9881785417350638 0.15330034290118366 0.0014933463828961475 1.5488240386402057 -0.15330721869678163 0.9881514648568308 0.007327696241654084 -0.2143278549982732 -0.0003523140281703136 -0.007470009861203987 0.9999719942006238 0.01892300432370509
0.9823850779932372 0.18676774585976574 0.006117450887456351 1.8756992457024757 -0.186813464044924 0.9823626850754532 0.008024995846413427 -0.292670015545381 -0.004510744592029083 -0.0090264550575156 0.999949044026941 0.021963976543994394
0.9745643158810848 0.2239985085736129 0.0070084185596750795 2.193833635516308 -0.22406338372067097 0.9745180842707661 0.010498544676875514 -0.3857437384334226 -0.004478171861626878 -0.01180183333112268 0.9999202853552253 0.027263701517469777
0.964382067489686 0.26422440532968744 0.012359089576883652 2.5172236907313748 -0.26436910023802573 0.9643462891713456 0.012055261765940361 -0.5001781689857592 -0.008733146924419021 -0.01489323561155891 0.9998509079037176 0.028605419863946345
0.9535052868585177 0.3009305065742186 0.016387608383097035 2.7895911963300275 -0.30114918697437676 0.9534878926351922 0.013043071656059585 -0.6131778713529512 -0.011700326846439624 -0.01737174836878496 0.9997805954650106 0.02723983665132831
0.9414003149276629 0.3364900239908719 0.02323717649365419 3.0541047279512856 -0.3368276080612289 0.9414838634671865 0.012466483630284091 -0.7318339850301324 -0.017682577460581873 -0.019562869571072797 0.9996522069932967 0.03306542481139152
0.9279590695296168 0.371705642313455 0.026961756484828327 3.3147109630397207 -0.3720951178909364 0.9281286976065298 0.011066158158534622 -0.8611565730979874 -0.020910624304414004 -0.020301275086806642 0.9995751689488503 0.0362027611658364
0.9143220833829218 0.40386876228399643 0.03008664574498197 3.579719365820976 -0.4044022426695096 0.9144708045835857 0.014215823000216588 -0.9978942766520325 -0.021772030063103083 -0.025164942610406908 0.9994461559926175 0.03671779100468259
0.894629997774756 0.4455309846505972 0.033754471710979436 3.80568447015198 -0.4461605284400054 0.8948461027951264 0.013832971841297633 -1.1346999370561055 -0.024042037461887027 -0.027435298933740734 0.9993343780562994 0.03626012058897017
0.8725447699140304 0.4867327322165788 0.041915718380267156 4.046052839281855 -0.48769252725337925 0.8728638184142531 0.016274805681007993 -1.2939965985179152 -0.02866523042691188 -0.034642472743811166 0.9989885474843241 0.02968693043089487
0.8456975104570442 0.5317926387945693 0.044635923798488186 4.2919593282677955 -0.5328310353784261 0.8460884860562461 0.015015906101747694 -1.4810573978039654 -0.029780589887028194 -0.03648231324269072 0.9988904202386347 0.026632778372309228
0.823433722861827 0.5656343074263337 0.04488641084918493 4.50886118727118 -0.5667029720853123 0.8237816510084375 0.015220014025596737 -1.652830134657438 -0.028367636831902278 -0.03796992843319759 0.9988761064683771 0.02327863887232179
0.8054593147680037 0.5907656179088124 0.047236982470890324 4.74152590040658 -0.5919845466906043 0.8057729822840067 0.016861596487588858 -1.8427725972034752 -0.02810103015257888 -0.04154488636586077 0.9987413423300775 0.0253879092792152
0.7908769294424426 0.6099253615005916 0.050047891431554276 5.039587118822965 -0.6114494884673403 0.7909399120908813 0.023317256488483495 -2.0877327482423396 -0.025363086535129142 -0.04904282964855926 0.9984745510324974 0.020906272241690383
0.7770807094554826 0.6273331043759485 0.05097845337863242 5.3259594905039345 -0.6289957070090655 0.7769351432435985 0.027134842779489566 -2.3334049469275207 -0.022584364998265254 -0.05315118251823714 0.9983310135484178 0.017762941755871092
0.7651200089470869 0.6416217931254262 0.05397130772920403 5.667565110955259 -0.6434535253217959 0.7649911588883052 0.027499154698524812 -2.624502188625007 -0.023643514375559397 -0.05576817271284478 0.9981637187848073 0.01111906283836752
0.7520061313640763 0.6562910534225903 0.06139126282281983 6.0453429508111265 -0.65853373219128 0.7520769972357236 0.02671384904078041 -2.962131703678305 -0.02863889394251034 -0.060517186112977794 0.9977561817883113 0.006157487620890087
0.7402865667092412 0.6692907830332934 0.06344842361480275 6.3725765391531874 -0.6716807640403898 0.7403347852055291 0.02737650394506329 -3.2679939183093296 -0.02865023080677743 -0.0628835338925085 0.997609512684187 0.0037573447073663852
0.7203376277883418 0.690439008395925 0.06639076170819538 6.769487980098522 -0.6930764110352154 0.7202660590752477 0.029359982053976802 -3.657486266500796 -0.027547733092682197 -0.0671629602885304 0.9973616062014863 -0.002399086994973758
0.7069892600146622 0.7043228796789974 0.06399627291712501 7.1926501985811635 -0.7068577630638931 0.7066369977237925 0.03188059252377291 -4.086339660225712 -0.022767901769542066 -0.06777548839472684 0.9974407351717403 -0.018034404139065124
0.6990283893481474 0.7123350056502529 0.06275512866106969 7.66666509359315 -0.7149367771568675 0.6980183964657578 0.040445504068766396 -4.5599015739365765 -0.01499348527001353 -0.07313849388561648 0.9972090405073926 -0.02103983645880426
0.690571094749568 0.7210598514207737 0.05642968481316432 8.182006514514294 -0.7232421391574126 0.6890593081926736 0.046023840294966166 -5.10492871984856 -0.005697456710900738 -0.07259504870440454 0.9973451820952991 -0.03285649182273736
0.6742857777188876 0.7366649759536434 0.05160870790797531 8.711311373133123 -0.7384575708087816 0.6722106765064381 0.05304091290129394 -5.68123376299626 0.004381456460234436 -0.07387556311797658 0.997257799353488 -0.027767755642800967
0.6594144243689769 0.7501883153350887 0.048889303855856214 9.282933913527739 -0.7517183546299863 0.6571341925162358 0.05562629121084081 -6.310626842377211 0.009603357865157303 -0.07343175477385151 0.9972539632744607 -0.009137582317537616
0.6416728971171975 0.765525239774059 0.047191693514535976 9.846712825413587 -0.7668087299989801 0.6390209240726408 0.06047103546452649 -6.981172213235128 0.01613562083289693 -0.07498961584346195 0.9970537165138394 0.0021066619897268032
0.6284921286632199 0.7761193376496895 0.05134660161354055 10.380594301278933 -0.7776742385842056 0.6257466040170082 0.060531662286032524 -7.626105126964658 0.014849828698516965 -0.07797459099117898 0.99684470210031 0.0240520051242876
0.6182988417708777 0.7842944280957495 0.050880722139434946 10.927585782253622 -0.7857508952198635 0.6154190593342188 0.062088871827574235 -8.324486287291334 0.017382986363429068 -0.07836903887268575 0.9967728125753296 0.04911049399831624
0.6080243513475336 0.7920591213782904 0.05430278052309737 11.483161130038367 -0.7937363373629311 0.6049964090415584 0.06294511682371619 -9.040958287168742 0.01700326303715955 -0.08137424194580467 0.9965385271789082 0.07184366098763759
0.5918284356991104 0.803850445545241 0.05969605897661513 11.96516643970334 -0.8057763712001006 0.5880142841952614 0.07045393625188713 -9.674757459298243 0.0215322883731534 -0.08979830360456773 0.9957271411311586 0.0922485126389256
0.5704389012638731 0.8188735668908936 0.06360500715296317 12.484083989876696 -0.8209819891661 0.5661913438109495 0.07359382850401057 -10.422625384543668 0.024251431701473546 -0.09419933438719581 0.9952578901066352 0.12926325771189187
0.5497226821540451 0.8324780745529919 0.06917574485745719 13.028579781493633 -0.835145971398583 0.5458846398377877 0.06738903754572237 -11.233600771029698 0.018337915704834944 -0.09481711348503434 0.9953257507952066 0.156847843706886
0.5271628627833825 0.8470200004978129 0.06823848196869246 13.522156328839543 -0.8496095562815438 0.523832113004492 0.06134847345924787 -12.009984284166357 0.016217872106506034 -0.09031669028499435 0.9957809952185142 0.18796643115114198
0.50577254822032 0.859827403628473 0.06993583486969124 13.999821387687913 -0.8624941753369303 0.5023844963996015 0.060940390732583 -12.815729594234416 0.01726353487408859 -0.09114121387018782 0.995688286491306 0.21057990333532456
0.47932595890346386 0.8746204105842754 0.0727036317754909 14.473448169992288 -0.8774278539513488 0.47575613441308734 0.06145386573763511 -13.665432646933507 0.019159602303789804 -0.09324861144436357 0.9954584473805684 0.23873710491891223
0.45770447000437237 0.8860214038729514 0.07397800740557016 14.919225708763097 -0.8888820803959748 0.4541424901160796 0.06036026638064649 -14.501250743533484 0.01988392716694511 -0.09338487560200903 0.9954314686643627 0.26516970592942035
0.43816737699389735 0.8961916138333115 0.06964191694525544 15.396525556189555 -0.8985964949357591 0.4347147351148344 0.05956134903324314 -15.45973393948329 0.023104009300705133 -0.08867780992953146 0.9957923303271663 0.3062468073709334
0.40788605298272057 0.9104356765770495 0.06881789128231486 15.85135285159817 -0.9125835936089891 0.404161337983181 0.06200736642368027 -16.435274544321658 0.02864018209984215 -0.08809400599844443 0.9957003065353085 0.33956675336461195
0.3809411696476294 0.9217408530008265 0.07264764785925086 16.262317416522816 -0.9241932728469427 0.3772683005448225 0.05946040500980723 -17.407726248712603 0.027399424428209897 -0.08979137102798693 0.9955835954795512 0.38098072622181894
0.3501695905549142 0.9336750118859511 0.07504855490314145 16.596340776606624 -0.9363170937413423 0.3466566493627492 0.05603198511395801 -18.27839107919747 0.026299578531867273 -0.08988992950625402 0.9956043627367652 0.41738237041378884
0.3186708062237849 0.9446639059625221 0.07784007704898051 16.934458528569888 -0.9474826841984215 0.3151324181601077 0.05448153911344271 -19.23935228917391 0.026936806462543594 -0.09111378844462643 0.9954760672014877 0.46564238858095613
0.28734024179306145 0.9545108074775922 0.07965399812600206 17.236697772382783 -0.9572900431032219 0.2833954879730012 0.05729648075954276 -20.19147873581017 0.0321165203815719 -0.0927155511033404 0.9951744922676915 0.5110204152576716
0.2546495422644623 0.9635012491950772 0.0825772909867044 17.48625619057197 -0.9664448144774528 0.25058593042523913 0.05649095483359705 -21.092621550954473 0.03373639195227301 -0.09419177750362887 0.994982250729541 0.5586613928927262
0.22360322015794026 0.971498319968534 0.0786935181320104 17.68487591742102 -0.9741228867536501 0.22001559293564993 0.051748007723603065 -21.91349854192895 0.03295929528251817 -0.08822816608975682 0.9955548151262149 0.604164596870792
0.18768841203576886 0.9789969665083873 0.07961190311469947 17.841064018788263 -0.9815329907395939 0.18388836482855905 0.052708379845330014 -22.68906346160908 0.036961634520865864 -0.08803444945031827 0.9954314078034706 0.646842616566152
0.14923576620922235 0.9852879186644418 0.08328540676802701 17.976802280639845 -0.987907000008486 0.14498861034472144 0.054937948086838 -23.496345740787422 0.04205425368349009 -0.09047693086133554 0.9950101904438526 0.686956112461874
0.1110684320351044 0.9898125452913932 0.0890785280059923 18.066277938935542 -0.9926187321161102 0.10609588250462737 0.058752296152767385 -24.31219450615186 0.04870288642507953 -0.09494652818652297 0.9942902493725189 0.7326677453431424
0.07563975658925198 0.9935774633752702 0.08415763220623249 18.140929271006947 -0.9956303714562297 0.07062094137628569 0.06109797057603186 -25.233667152703283 0.05476226628436477 -0.08841131839736899 0.994577522030693 0.7838928405043545
0.03577261657707149 0.9958137406612163 0.08411521489137955 18.183469694237456 -0.9976755494135047 0.030700707534362527 0.060836507089112764 -26.0823611358438 0.057999423520573974 -0.08609596281492526 0.9945971377479057 0.8415613834031048
-0.0020504006338409463 0.9961948733927907 0.08712993541739789 18.18681934289695 -0.998100039030093 -0.007404302819554687 0.06116865474518337 -26.944571331361082 0.06158102666126621 -0.08683896021963364 0.9943171961207307 0.9111391364312417
-0.0434277611886596 0.9946678948087092 0.09354070855851278 18.17208739969684 -0.9967255138590015 -0.04952843210364629 0.0639163544901955 -27.805905062507485 0.06820845950006779 -0.09045865477760834 0.9935616499173705 0.9865397368540983
-0.08130535883358496 0.9921236883120474 0.09528946047553634 18.114075445351315 -0.9939479537614136 -0.0877963540073828 0.0660256114849508 -28.532862872660747 0.0738716287627564 -0.0893445165976586 0.9932574964106451 1.051294134631746
-0.11069932130807932 0.9892922105272607 0.09511381610835504 18.031065354004944 -0.9910652766722684 -0.11704630926324809 0.06395228532136005 -29.252163130703714 0.07440020714603858 -0.087184514613226 0.9934099777767268 1.1037378046582489
-0.14199923576801537 0.9853360364797383 0.0946000413233348 17.91874982730109 -0.9865802653378034 -0.14866126615747943 0.06752276598227545 -30.03290803179999 0.08059596402633258 -0.08374234193182346 0.9932227469749744 1.1780557579678175
-0.16972467563341026 0.9805421320783769 0.09864439803152396 17.761801961928818 -0.9808588633073119 -0.1777726871341539 0.07945362116381528 -30.89255540969253 0.09544388839977248 -0.08327098139730546 0.9919457254216762 1.2598327285834132
-0.19762547216945667 0.9750694392800917 0.10091489926905904 17.603803772239974 -0.9742304808169873 -0.2067798636699513 0.09009536149653316 -31.69863178774283 0.10871638662149673 -0.08050922225123114 0.9908072096884142 1.3462954817667119
-0.22224333373100275 0.9694820218834823 0.10350152375459475 17.428288577148816 -0.967784493053104 -0.23223740146337354 0.09725780330101666 -32.462854811571255 0.11832659937478371 -0.07855226133826633 0.989862754364017 1.4348519960940098
-0.23880034258137592 0.9649389324483248 0.10893717726828822 17.23517118418562 -0.9631730278556323 -0.2496402130475076 0.09988792908285318 -33.28511282332095 0.12358083378689827 -0.08107206898339532 0.9890171947490907 1.5501353249904022
-0.2544790309293686 0.9611374155120216 0.10702965422161723 17.002211255316954 -0.9596875394049775 -0.26463941317126594 0.09468856130832518 -34.150316203368746 0.11933296651918199 -0.078618762322516 0.9897366557174093 1.6723222147826184
-0.26403263059056076 0.9585384463495558 0.10719548691939473 16.75595440547883 -0.957398991787843 -0.2739356840409702 0.09135933158731019 -35.03244163622979 0.11693608364413578 -0.07850699662881519 0.9900315743350658 1.7941154345514112
-0.27043061037615623 0.9568256239933471 0.1065460736207546 16.52289970427714 -0.9558738261807905 -0.28004610260829627 0.08876668728668538 -35.85923185564171 0.1147720367475344 -0.07783936390772724 0.9903374815512827 1.8980234626941095
-0.2771116958571128 0.9547743350341389 0.1077735252369086 16.262587441289167 -0.9542975208926544 -0.2865536187750176 0.08487273484770257 -36.78256028733127 0.11191718613866253 -0.07932877056406275 0.9905460130481937 2.028703588114842
-0.28108705509608733 0.9533233223250231 0.11029399861854233 16.016539681835095 -0.9535229520345496 -0.2904325277693192 0.08026856602864116 -37.61271604969594 0.10855484479104827 -0.08260539399838851 0.9906523653193569 2.137128755336629
-0.2888248574201201 0.951289165478814 0.107838680173427 15.730695583207803 -0.9510005341255395 -0.2980575181031692 0.08221809977474795 -38.5478115073919 0.11035530059112797 -0.07880800169030648 0.9907627974742979 2.2515425144292585
-0.28680698567403623 0.9521653765828404 0.10546517988468493 15.444031633357058 -0.9521261347154948 -0.2954797868260073 0.07840685623363354 -39.44859756524729 0.10581910694489549 -0.0779285102762378 0.9913270793484789 2.3618449029447994
-0.2879997416929705 0.9522435123751508 0.10143223100620538 15.166821507806176 -0.9514521734621725 -0.2965444000774142 0.08246390927119296 -40.35269137483575 0.10860486662634002 -0.07275832304594286 0.9914187428784527 2.475991888726862
-0.28981223007489815 0.9515670430024926 0.10261135187290231 14.89102460822946 -0.9507544636814814 -0.2985457738417267 0.08328557285890487 -41.259309181933 0.10988597550164142 -0.07342101409857767 0.9912287028909439 2.587855872195397
-0.2901047414697224 0.9516403261753584 0.10109393718873867 14.635373120381496 -0.9507620146835508 -0.29863954057566805 0.08286212750757906 -42.12572977262166 0.10904557287554996 -0.07207757037287105 0.9914200932215671 2.7022289578928844
-0.2940004606812296 0.9505591559836674 0.10000537814298162 14.387118515329538 -0.9493877783190205 -0.30252789132286684 0.08449755786806523 -42.954240724889246 0.11057432713501131 -0.07010155415535291 0.9913924574262796 2.801514074383864
-0.293561640373373 0.9505400164305856 0.10146573819824284 14.112769401633791 -0.9490795975143008 -0.30250209188812255 0.08798021323488407 -43.85998006449268 0.1143222945874339 -0.07047143752532768 0.9909410193404307 2.924088833793165
-0.28781711678484206 0.952382841349407 0.1006393876748509 13.886384746631652 -0.9508346405415569 -0.2967230670571685 0.08870751804581642 -44.623298982606514 0.11434552905196185 -0.07015986522253811 0.990960447069335 3.036336785132755
-0.2825208542308016 0.9542999718122773 0.09743503623678035 13.645691292271724 -0.9525953913843005 -0.2910601569162014 0.08857833428531517 -45.43875987650336 0.11288974222182077 -0.06779093140131827 0.991292192080068 3.1473522240082694
-0.286147648722973 0.9533522721668423 0.09611984106994187 13.424428685796101 -0.951328011222794 -0.29464679376725417 0.09032385023355818 -46.195459145544376 0.11443183401689264 -0.06559553175778408 0.9912630810915022 3.2524706881537035
-0.2842227212005777 0.9542344136897926 0.09302786704055026 13.190528134334365 -0.9520574291037006 -0.2923562551623052 0.09008100627423449 -46.992059315201026 0.11315565838074503 -0.0629647954125719 0.991580125795766 3.369250214801333
-0.2844946474948149 0.9545325915239031 0.08905269691671548 12.917550682796524 -0.9521087996109855 -0.2921792427500081 0.09011237287306206 -47.864660800439815 0.11203452984116265 -0.0591513613125669 0.9919421832628219 3.4851635355130584
-0.28130700498280214 0.955084840899137 0.09316314289972014 12.66218144818179 -0.9528090910849104 -0.28953614808243344 0.09123470192304997 -48.73500199067719 0.11411096152597645 -0.06310172095125707 0.9914619385688392 3.602806293860189
-0.2783001037313795 0.955758143022017 0.09526531306245246 12.428601745328795 -0.9531207453362891 -0.2870681176331668 0.09567056278501038 -49.52487804304051 0.11878553614203255 -0.0641742106911624 0.9908438733946383 3.7077039600999098
-0.27655175485844735 0.956580816922712 0.09204522335715175 12.192520818735776 -0.9530996227380494 -0.285273134656062 0.10109630910941246 -50.37454247368794 0.12296480143243631 -0.059769898572300376 0.9906094746121764 3.824251339360397
-0.2754341911054258 0.9567335536569335 0.09379215979895622 11.94632170555656 -0.9533228566756288 -0.2843983517417947 0.10145552918309796 -51.218588693389016 0.12374022660628077 -0.06146988048880673 0.990408867322073 3.952693100000471
-0.2725916752473808 0.9579227207579561 0.08987711168133457 11.706592655492239 -0.9538968573184227 -0.28127177537723724 0.10472387459231658 -52.06467327908917 0.1255972553867863 -0.05718663089705517 0.99043169024624 4.07574736437657
-0.2702741814193831 0.9589247187944747 0.08611217164662642 11.439139918985386 -0.9538537777761273 -0.2788475886183088 0.11138720249390409 -53.00662480072023 0.13082409431255915 -0.052033328852989516 0.9900391423544066 4.213691025658583
-0.27226665479837275 0.9580551678199055 0.08944953695326839 11.173451206769299 -0.9521314111351307 -0.2816723568859668 0.11877110436289827 -53.94778068249723 0.13898471224177325 -0.052830296066894745 0.9888842823802133 4.366663239179786
-0.27093639703287126 0.9583156678203727 0.09068960875159357 10.945058828107362 -0.9522876641813639 -0.28059426340503524 0.12006323303843201 -54.732168929930324 0.14050544114385846 -0.05383308927051614 0.9886152607898767 4.491546873659536
-0.2657930818448433 0.9597248418316866 0.09100725892610023 10.738485082900178 -0.9539075418155711 -0.2754721604182036 0.11906135576817217 -55.5322674463838 0.13933608703938216 -0.05516681915101457 0.9887072323349246 4.6210531241410155
-0.2687005363199635 0.9589659586582588 0.09046749404448366 10.529753042584506 -0.9529382897353635 -0.2783450905777546 0.1201363493825044 -56.275234216403874 0.14038783212173467 -0.0539292308859414 0.9886267288548718 4.7416640882810075
-0.26929209666165055 0.9591048219584437 0.08717661804814567 10.294751433219314 -0.9522469903872798 -0.27870147538098683 0.12470474270965895 -57.132964286693436 0.14390115151451374 -0.04943166446466371 0.988356658043605 4.880318819269421
-0.2717879656922654 0.9580633781422926 0.09080705220475283 10.073981464284113 -0.9515776358423156 -0.2816280770280162 0.12323045536597055 -57.9082067966966 0.14363638127744216 -0.05291739876205445 0.9882146797330288 5.001920932130068
-0.27128697744023844 0.9580655015208889 0.09227093924711685 9.801732911988934 -0.951546236100184 -0.28138569011304837 0.1240240698357773 -58.865642653716094 0.1447868838641142 -0.05415394322943511 0.9879797685437168 5.149629959721064
-0.2721059236479061 0.9578083803466778 0.09252852757972353 9.563134569904067 -0.9517570080470897 -0.2820599047891596 0.12083428188653858 -59.70698077243048 0.14183465516118196 -0.0551849438791671 0.9883508824918584 5.285245727809767
-0.27016579645975364 0.9582175025888549 0.09396656702424858 9.271413869095412 -0.9524224498709981 -0.28027420178766094 0.11974124072126928 -60.73984038447794 0.1410745369628855 -0.05714587323857984 0.9883482374905017 5.45617376160358
-0.2687829331007234 0.9587071997657252 0.09293167142482502 9.016558634151806 -0.9530286697509155 -0.27868861401342065 0.11861335079801327 -61.645474197846866 0.1396144520472267 -0.056685295854948636 0.9885820635493359 5.607588891350077
-0.27092729713326386 0.9577354602804933 0.09665010787398837 8.76186530374418 -0.952088862052685 -0.28141208274643736 0.11972532887818353 -62.5526792996185 0.14186368076847922 -0.05958262409685232 0.9880913527314293 5.755813401086756
-0.2659563310893954 0.9590483184497717 0.09743514968845221 8.532562926272922 -0.9528409959152189 -0.2768600963295747 0.12426841714259473 -63.38269362221436 0.14615530052750905 -0.059790225361186534 0.9874531236656482 5.88705155810045
-0.2712844624235496 0.9572214897917555 0.10065691973776807 8.280490900133845 -0.9505343281962974 -0.2828814360514352 0.12830705356037544 -64.30763528993789 0.15129222140835155 -0.060870139993913656 0.9866130974989747 6.043502612718289
-0.27127893136758247 0.9569859218853385 0.1028870364623696 8.046129681960036 -0.9497958060404235 -0.283475283540004 0.13240017517129718 -65.13274924926858 0.15587101338528203 -0.06180429003871036 0.985841960598721 6.175110450881564
-0.270500418919678 0.9568541692583269 0.10611162848582328 7.828141324959033 -0.9489809270799177 -0.2835700644248588 0.13792510480719247 -65.94136613948807 0.16206426996925596 -0.06338910508520817 0.984742051561678 6.321397999915689
-0.26608508765692473 0.9577547532663707 0.10910826863697175 7.570258604755103 -0.9499448397228658 -0.2797582187046179 0.13906925068674142 -66.85478335726413 0.16371814760814452 -0.06664257471740642 0.9842535495170269 6.489609086712352
-0.26544844698575215 0.9579303468928966 0.1091174965676205 7.328684081036215 -0.9503120308305517 -0.2790536789639325 0.13797175164090913 -67.71132812799658 0.16261694375823665 -0.06707127421865232 0.9844069728194182 6.64372569428257
-0.2624553003323418 0.9587357881722528 0.10928384769885735 7.086130715039791 -0.9510349382436881 -0.2761680074812385 0.13879443007239425 -68.58302385231879 0.16324786668748456 -0.06750541511332493 0.9842728622239044 6.814562143624417
-0.2607010019020317 0.9591915756431082 0.10948316941542184 6.865170298035353 -0.9515764820040665 -0.2744407781380869 0.13850839009669944 -69.34879360884936 0.1629027040970671 -0.06807232463935299 0.984291004720724 6.956898968922145
-0.2653689382219625 0.9578723820498253 0.1098174935782989 6.663614575072388 -0.9495858215438762 -0.2793810309605874 0.14224318260533528 -70.06173187540608 0.16693171716366 -0.06653420424922624 0.9837209542486064 7.086014468156308
-0.2687796338384045 0.9566802335572464 0.1118950164986067 6.439802823838076 -0.9483307506110873 -0.2831728798490569 0.14311542019942222 -70.85786379614474 0.16860130390931638 -0.06764696634037229 0.9833602608520935 7.233999541635796
-0.2758954878486704 0.9545820938556637 0.11249338397238691 6.22675449932627 -0.9467140409855553 -0.29010736401206755 0.13989409523716037 -71.59863285533673 0.166175533980179 -0.06790290804695222 0.9837554581008657 7.386181078605192
-0.2802550206318951 0.9530310023287444 0.11484375287129256 5.978341910044789 -0.9459900347179417 -0.2945145031727144 0.13551449210593786 -72.44486083125688 0.16297264001070746 -0.07066242021476005 0.984096872942602 7.539257938379062
-0.2761076099521357 0.954555574128529 0.11219758994448778 5.710347728936503 -0.9468859173206795 -0.2901775941785139 0.13857900040048887 -73.33595888075898 0.16483856072124684 -0.06797559285135202 0.9839753462531109 7.708695720287053
-0.2727805173794258 0.9555345300223508 0.11200270905587772 5.441782652319308 -0.948196074468228 -0.2867210362433385 0.13680412155356494 -74.27298995145759 0.16283457176140537 -0.06888302144098632 0.9842458767780106 7.875776727712963
-0.2675329889326475 0.9571281164505662 0.11104919673384767 5.177437547088548 -0.9494117568051295 -0.28152104458705507 0.1391521952046199 -75.20199629440862 0.16444914111780323 -0.06820360178047336 0.984024726847787 8.054535533134569
-0.26761738289067405 0.9567609056982083 0.11397175643539183 4.887507758392584 -0.9490796849399381 -0.2821602397122553 0.140119472933936 -76.20468324049786 0.16621910847615481 -0.07066986325276364 0.9835531977291835 8.236791087701715
-0.2669369831779857 0.9569914709901476 0.11363110061346292 4.622142096667014 -0.9481641478323491 -0.28189358372236784 0.14669993918529306 -77.18254326864033 0.1724224445036338 -0.06858128795139896 0.982632699401151 8.421426358027873
-0.26605552327741383 0.9569006527113416 0.11642875476817277 4.371981066191485 -0.9483993348128913 -0.2814578455348784 0.14601472134268867 -78.09242335103228 0.17249134435886013 -0.0715729215661636 0.9824072309270891 8.59489182249624
-0.2627281291173942 0.9579045198531747 0.11572776926049474 4.15794983284521 -0.949248346639131 -0.2781040307868475 0.14692120472701528 -78.86513891390139 0.1729208208448758 -0.0712540515026863 0.9823549074651488 8.73832415556767
-0.25967499878553807 0.9589428200611901 0.11400709811893371 3.918646442607023 -0.9506066400511033 -0.27461824079544533 0.14467879474415132 -79.72804089364108 0.17004709619549235 -0.07080642980268623 0.9828887774983253 8.910231466008888
-0.2540196643873313 0.9610455703225058 0.1089287722813156 3.6862085464219456 -0.9527538553109148 -0.26802569775990387 0.14290707633269434 -80.56045740326547 0.1665358993596898 -0.06748109175692912 0.9837235439074467 9.06638603389125
-0.2541070979678453 0.9608086343012718 0.1107989466428371 3.4806092903054466 -0.9525589662763929 -0.26846068345817675 0.14338895752139358 -81.32530816043216 0.16751448575234779 -0.0691063695744822 0.9834445185700286 9.222591900764138
-0.25512340920470883 0.9601961714323992 0.11373396152867764 3.2341477285823426 -0.9536563712578999 -0.2692878138803076 0.13425242936436196 -82.26274074569032 0.15953581592847668 -0.07421217028453787 0.9843986954358318 9.3941636131203
-0.26061253110998345 0.9585715814249839 0.1149855968177351 3.0391616895179023 -0.9532404102732432 -0.27436359457482545 0.12671801028083393 -83.01230655721967 0.15301612339782147 -0.07658460651357346 0.9852516320126231 9.538418936368124
-0.2646865687657179 0.9579917106503333 0.11042172885332245 2.81222582095497 -0.9525631620538232 -0.27757253519265196 0.12480795623757202 -83.8656493459593 0.1502150052978785 -0.07214867250613821 0.9860172085704355 9.689188541787518
-0.26218675965448024 0.9593295875848514 0.1046178809231017 2.5819657981590236 -0.9533801507978733 -0.2742836555392295 0.12583672080960936 -84.6947978396598 0.1494138429746562 -0.06674788070432715 0.986519203212537 9.830795404175284
-0.261271708511637 0.9597686917512042 0.10286500001589345 2.3371792074131 -0.9540793866006277 -0.2729500322147892 0.12341361315985096 -85.5726188972875 0.1465255061679871 -0.06589688234873438 0.9870095193548062 9.983027510623614
-0.2618511749416842 0.959725600249219 0.10178796574553131 2.1204829842109447 -0.9538769460476119 -0.2734038950740353 0.12397256911382142 -86.34891923782263 0.1468088536306572 -0.0646308229852725 0.987051129158957 10.119504688099479
-0.2614493339383689 0.9594827887721675 0.10505750518570894 1.8520556907452457 -0.9542006203717861 -0.273327517801649 0.1216279574355397 -87.34595010220772 0.14541501810737384 -0.06844637963097959 0.9870002431521065 10.280690432064205
-0.2565124926292505 0.9611000694646685 0.10241119647194799 1.6328883009266495 -0.9557829074995083 -0.26799425940563865 0.12107116334149606 -88.18519805576594 0.14380709565161967 -0.06682659689450235 0.987346767628182 10.412350518162315
-0.2494875967487212 0.9626486893723817 0.10518315207703671 1.4273723811920795 -0.9573148988003912 -0.26154967788818095 0.1230449774141111 -88.94531253534632 0.1459596849094295 -0.06999519412182224 0.9868112066343095 10.5345578384695
-0.2452053662504433 0.9639551194386332 0.10327105902775364 1.2085580703574235 -0.9593434110188174 -0.2566203838417283 0.11750027347695026 -89.79911726474913 0.13976642887721438 -0.07026070363248908 0.9876885608541044 10.68205631585474
-0.240201739832961 0.9653506789042439 0.10198650147451578 0.9919934105177481 -0.9608644636032121 -0.25138180416652584 0.11639066566502564 -90.6567189465806 0.13799533900147848 -0.07003795585582089 0.987953382256207 10.826253758681718
-0.2313832693595271 0.9677586527696146 0.09952400822271225 0.7713457032752595 -0.9629379766761875 -0.2423964642714571 0.11829844935129175 -91.58580833717609 0.13860859573420303 -0.06846315653505203 0.9879779186519926 10.979319331545264
-0.22370753988899705 0.9696915867377464 0.09825079526152494 0.5911591456802385 -0.9647762546897849 -0.23462881989834353 0.11897987727055248 -92.40318773018392 0.13842623421062397 -0.06817333004981371 0.9880235265975496 11.105478165931205
-0.22258715331515938 0.9704239637467528 0.09344701882763456 0.38985186430718477 -0.9649977598898893 -0.23294451364283764 0.1204835794067018 -93.30198126125448 0.13868810309664456 -0.0633580589085839 0.9883072805503684 11.243206326177225
-0.21449234861738758 0.9722792689683226 0.09309194960735605 0.17847500037939815 -0.9665603677430049 -0.22500874695473372 0.12301315067024807 -94.26221807454664 0.14054961895008325 -0.06359360143348551 0.9880291356168496 11.391557149910193
-0.20912551030846474 0.9730465136182705 0.09719598158478553 -0.048017485402646665 -0.9667737909986351 -0.22066807497471783 0.1290509731095945 -95.28168501408162 0.14702062859444118 -0.06697866851970881 0.9868630640008248 11.54600372609708
-0.20075916396490046 0.9748393561087936 0.09687127246084642 -0.2496058233529386 -0.9687278644231491 -0.2122683811473417 0.12848569955720912 -96.2512248064403 0.14581560394350013 -0.06804721065512118 0.9869687437435513 11.701041306668452
-0.18639037791157456 0.9776041663717562 0.09771784114091245 -0.4319609470397042 -0.9716326566036559 -0.19815535383183155 0.12909125572461264 -97.17500401306303 0.14556344198944576 -0.07088446863483949 0.9868062579962773 11.859512604176416
-0.16840981954256784 0.9803406184501599 0.10281274269794706 -0.5872811155005506 -0.9745843229757513 -0.18123128387292473 0.13168422491369858 -98.09085463255883 0.1477282587348626 -0.07802276071580286 0.9859455992799622 12.002179876862495
-0.15536617521925533 0.9819093439176237 0.10823792074720336 -0.7469008837110752 -0.9756926951366494 -0.16967091140695048 0.1386926905599933 -99.10755215311046 0.1545484534661089 -0.08405878498013884 0.9844027684626707 12.166204060430314
-0.14955589491206137 0.9823615260317885 0.11224491985040859 -0.867289046177789 -0.9754188232953351 -0.16516620091195416 0.14587104295544737 -99.94928971733802 0.1618371444204856 -0.0876699220299104 0.9829153767314693 12.30070576257285
-0.13276356744045614 0.9845566405757309 0.11411446981601665 -0.9990350733189226 -0.9768116656372201 -0.14948453037422912 0.1532757677824192 -100.88631739530176 0.16796699922882494 -0.09111889588342402 0.9815723856859074 12.463780069072163
-0.12630381950863281 0.9855773133779756 0.11262664025379787 -1.0989398400938069 -0.9785045353697414 -0.1424393333776169 0.14913090391746675 -101.71313195252947 0.16302247610709206 -0.09136986375480959 0.9823823769996153 12.608925420420759
-0.11415348857436254 0.9867054400704319 0.11567804953574355 -1.1904866013542854 -0.9802721561249044 -0.130783330107791 0.1481969514787727 -102.56833744087295 0.16135547590331564 -0.09647875957996761 0.9821691166515059 12.756766457694155
-0.10085471247817407 0.988217682546928 0.11512686235279568 -1.2816020140110398 -0.9830698970359198 -0.11677866199779197 0.14119645030681718 -103.42854643091567 0.15297716806590225 -0.09893741252692845 0.9832646077282997 12.911407413398846
-0.08757610034351285 0.9890676822348741 0.11864064299316993 -1.3488995282514187 -0.9848821322753367 -0.10383739298437383 0.13865459703323452 -104.20064422773459 0.14945809465647236 -0.10470420697993216 0.9832086357129063 13.039025612787883
-0.07253283662202115 0.9899541964233521 0.12136610794630406 -1.4112361143962238 -0.9869844046825115 -0.08875624645641163 0.13410529282594022 -105.03850670478296 0.14353007701375234 -0.11005940422171129 0.9835069694175341 13.168653042272203
-0.058346966945875996 0.9912507253061268 0.11839631155982029 -1.4725295295989993 -0.9881751657210934 -0.0741930536297309 0.13418401015262396 -105.9354737363805 0.14179416093645453 -0.10916705059116494 0.9838581632266039 13.309032541183477
-0.04578150198112401 0.9919566110712491 0.11800928519006673 -1.5160453939581655 -0.9890451838739223 -0.06160567468976613 0.13414350911345743 -106.84027969128351 0.14033456217613915 -0.11057520943325168 0.9839101829311949 13.43985396315955
-0.03444713393084976 0.9927656646880086 0.11502080482765759 -1.5556998009364484 -0.989111192248249 -0.05034274183083177 0.1382923484855756 -107.68892906411118 0.14308233744337834 -0.10900457611617746 0.9836896672505742 13.560224905439261
-0.026973791308636023 0.9922661808797364 0.12116227311938395 -1.5780074958556716 -0.9890885529014065 -0.044053385298069334 0.14058182563416768 -108.51490078678292 0.1448321787971494 -0.11604817741031666 0.982627281761853 13.691836230518243
-0.016520665776563772 0.992384509296872 0.12206600211599153 -1.5885431936281489 -0.9896808018297868 -0.03360904180866123 0.13929270883182687 -109.35113414978704 0.14233442746722644 -0.11850515507537115 0.9826990146205566 13.825852647735763
-0.008451881084200396 0.9921885529005364 0.12446082420566545 -1.5914242057930768 -0.9902684555312977 -0.02559541902184246 0.13679684367780032 -110.14502258131499 0.1389138693545303 -0.12209342153934753 0.9827492292929269 13.944864391414546
-6.765566584436303e-05 0.9925020589308984 0.12222812280041935 -1.5941161000145654 -0.9906979167913217 -0.016699321125151254 0.1350514208542379 -110.9051616334172 0.1360799203358608 -0.12108199378347032 0.9832707259045596 14.053629309502568
0.0012555986871988646 0.9922791735878111 0.12401822728334419 -1.5888830981481814 -0.9908366480250758 -0.015515474071812325 0.13417199011050351 -111.75945470844529 0.1350602535898812 -0.12305025468016705 0.9831669629729516 14.18882159478243
0.002123871044324989 0.9920978056086108 0.1254491484269313 -1.5835095083630653 -0.9912596447758897 -0.014459238360563053 0.1311310908986249 -112.63236930748181 0.13190874760594984 -0.12463116751873386 0.9833956826964523 14.317552410682174
0.007902959148877724 0.9923802338848449 0.1229596283095717 -1.5742294132140033 -0.9895731909879225 -0.009923012046902812 0.14368907211528634 -113.46924001109979 0.14381430427934408 -0.12281310452474196 0.9819543276546611 14.442045146910724
0.012642915998919679 0.9922830896066992 0.12334699963235396 -1.5598571859259778 -0.9901236911841647 -0.0048017371416728604 0.14011472232324965 -114.45335382962757 0.13962572938852594 -0.1239002289951057 0.9824221614488127 14.5990036107782
0.015354073658246488 0.9913759637954189 0.13014609634359986 -1.5491575082125237 -0.9902325940600953 -0.002963064320326876 0.13939421023235624 -115.3958635197735 0.13857768085928457 -0.13101515840027028 0.9816471713375885 14.735922430242296
0.021377770472564308 0.9915418630650429 0.12801476587410607 -1.5256188465513767 -0.9900006192777858 0.0031367988028544354 0.14102854412609217 -116.30027559664192 0.13943412880430464 -0.1297495563279142 0.9816939903632743 14.884255363354576
0.026736193193498365 0.9912045057103747 0.129610413916659 -1.5013515674038826 -0.9899446240974296 0.008236751098450722 0.14121583865627502 -117.17250329924232 0.13890618688481698 -0.13208268910689996 0.9814576653332964 15.004700739538752
0.030933601930379757 0.9904029213100701 0.13470419924697039 -1.4714533236392853 -0.9894655716715994 0.011274194118432435 0.14432910641665123 -118.08618002844976 0.14142526706299238 -0.13774976858329585 0.9803182184624971 15.140503224029183
0.038769825717635265 0.9892200332603671 0.14121147960721267 -1.4310345328408798 -0.990247299505446 0.019109912014818937 0.13800439493150835 -119.03300419667175 0.13381815390112853 -0.14518467365180196 0.9803132288106635 15.274641908577385
0.045895846913825415 0.9890620434988573 0.14017810424100846 -1.3794233993845637 -0.9908289641093591 0.027219747831434243 0.13235242780327897 -119.98070468099873 0.1270891316301299 -0.14496693356374207 0.9812404675474304 15.412030402790371
0.050460832370087604 0.9887398482015283 0.1408803483017159 -1.3272648875253916 -0.9904847229882396 0.03145989931264882 0.13397911851330746 -120.86100767107978 0.12803839318239776 -0.14630051140483627 0.9809190815719857 15.533025191222022
0.05954249363592076 0.9879987057632831 0.14252475021682973 -1.2731245203863777 -0.9896588316695537 0.039761062293230044 0.13782079218761756 -121.71060559713446 0.13049980997925278 -0.14925705183015872 0.9801489919560306 15.656372401647166
0.06618199007709044 0.9868149885033736 0.14770300679809578 -1.2195255320460319 -0.9897758736873187 0.046181964484764707 0.1349483677496232 -122.58887804944291 0.12634783863319254 -0.15512400377245575 0.979781956092476 15.787094802694172
0.07617030495974697 0.9862524639470024 0.14664316405302374 -1.1418864326181404 -0.9885322412070843 0.05546226656183147 0.14045661613956772 -123.4597543807413 0.1303925026550278 -0.1556600984528774 0.9791668107932753 15.899985754837918
0.0791635084657266 0.986020924862516 0.1466149045061288 -1.055861543729976 -0.9887627285310908 0.058956528548388364 0.1373772555582979 -124.47688791367082 0.12681292440214212 -0.1558425980742729 0.979607820093384 16.046233539476603
0.09069584983293048 0.984576188055336 0.14961299509127524 -0.9664197522872525 -0.9880059360695737 0.07010477368886153 0.1375852714965282 -125.4612503594997 0.12497457884713956 -0.1602969193084162 0.9791252047926688 16.180895739407912
0.10149625346341143 0.9834519039642118 0.15006971274955289 -0.8710453811657298 -0.9868003604017581 0.08039011609018609 0.14057949310415455 -126.40741452674902 0.12618903023828498 -0.16235711712639495 0.9786298633926933 16.310014241398004
